0.0000 1.00000
0.0010 0.99857
0.0020 0.99572
0.0030 0.99145
0.0040 0.98578
0.0050 0.97870
0.0060 0.97024
0.0070 0.96040
0.0080 0.94921
0.0090 0.93668
0.0100 0.92283
0.0110 0.90768
0.0120 0.89126
0.0130 0.87359
0.0140 0.85469
0.0150 0.83461
0.0160 0.81336
0.0170 0.79098
0.0180 0.76751
0.0190 0.74297
0.0200 0.71741
0.0210 0.69085
0.0220 0.66336
0.0230 0.63495
0.0240 0.60568
0.0250 0.57558
0.0260 0.54471
0.0270 0.51310
0.0280 0.48081
0.0290 0.44787
0.0300 0.41434
0.0310 0.38027
0.0320 0.34571
0.0330 0.31070
0.0340 0.27530
0.0350 0.23955
0.0360 0.20352
0.0370 0.16724
0.0380 0.13078
0.0390 0.09419
0.0400 0.05751
0.0410 0.02080
0.0420 -0.01589
0.0430 -0.05250
0.0440 -0.08898
0.0450 -0.12528
0.0460 -0.16136
0.0470 -0.19715
0.0480 -0.23261
0.0490 -0.26768
0.0500 -0.30233
0.0510 -0.33649
0.0520 -0.37013
0.0530 -0.40318
0.0540 -0.43562
0.0550 -0.46739
0.0560 -0.49844
0.0570 -0.52874
0.0580 -0.55824
0.0590 -0.58690
0.0600 -0.61469
0.0610 -0.64155
0.0620 -0.66746
0.0630 -0.69239
0.0640 -0.71629
0.0650 -0.73913
0.0660 -0.76088
0.0670 -0.78152
0.0680 -0.80101
0.0690 -0.81933
0.0700 -0.83646
0.0710 -0.85236
0.0720 -0.86703
0.0730 -0.88044
0.0740 -0.89257
0.0750 -0.90342
0.0760 -0.91295
0.0770 -0.92117
0.0780 -0.92807
0.0790 -0.93363
0.0800 -0.93785
0.0810 -0.94072
0.0820 -0.94225
0.0830 -0.94243
0.0840 -0.94126
0.0850 -0.93875
0.0860 -0.93491
0.0870 -0.92974
0.0880 -0.92324
0.0890 -0.91544
0.0900 -0.90634
0.0910 -0.89597
0.0920 -0.88433
0.0930 -0.87144
0.0940 -0.85733
0.0950 -0.84201
0.0960 -0.82551
0.0970 -0.80786
0.0980 -0.78908
0.0990 -0.76921
0.1000 -0.74826
0.1010 -0.72627
0.1020 -0.70328
0.1030 -0.67932
0.1040 -0.65442
0.1050 -0.62862
0.1060 -0.60197
0.1070 -0.57449
0.1080 -0.54623
0.1090 -0.51723
0.1100 -0.48754
0.1110 -0.45719
0.1120 -0.42623
0.1130 -0.39471
0.1140 -0.36267
0.1150 -0.33015
0.1160 -0.29722
0.1170 -0.26390
0.1180 -0.23026
0.1190 -0.19633
0.1200 -0.16218
0.1210 -0.12784
0.1220 -0.09337
0.1230 -0.05881
0.1240 -0.02422
0.1250 0.01036
0.1260 0.04487
0.1270 0.07927
0.1280 0.11350
0.1290 0.14753
0.1300 0.18129
0.1310 0.21475
0.1320 0.24786
0.1330 0.28056
0.1340 0.31282
0.1350 0.34458
0.1360 0.37581
0.1370 0.40646
0.1380 0.43648
0.1390 0.46584
0.1400 0.49449
0.1410 0.52239
0.1420 0.54951
0.1430 0.57580
0.1440 0.60123
0.1450 0.62578
0.1460 0.64939
0.1470 0.67204
0.1480 0.69370
0.1490 0.71434
0.1500 0.73393
0.1510 0.75244
0.1520 0.76985
0.1530 0.78614
0.1540 0.80129
0.1550 0.81527
0.1560 0.82806
0.1570 0.83966
0.1580 0.85004
0.1590 0.85919
0.1600 0.86710
0.1610 0.87377
0.1620 0.87917
0.1630 0.88332
0.1640 0.88620
0.1650 0.88780
0.1660 0.88814
0.1670 0.88721
0.1680 0.88502
0.1690 0.88157
0.1700 0.87686
0.1710 0.87090
0.1720 0.86372
0.1730 0.85531
0.1740 0.84569
0.1750 0.83488
0.1760 0.82289
0.1770 0.80974
0.1780 0.79546
0.1790 0.78006
0.1800 0.76357
0.1810 0.74602
0.1820 0.72742
0.1830 0.70781
0.1840 0.68722
0.1850 0.66568
0.1860 0.64322
0.1870 0.61987
0.1880 0.59568
0.1890 0.57066
0.1900 0.54487
0.1910 0.51834
0.1920 0.49110
0.1930 0.46320
0.1940 0.43468
0.1950 0.40558
0.1960 0.37595
0.1970 0.34582
0.1980 0.31524
0.1990 0.28425
0.2000 0.25290
0.2010 0.22124
0.2020 0.18930
0.2030 0.15714
0.2040 0.12480
0.2050 0.09233
0.2060 0.05977
0.2070 0.02718
0.2080 -0.00541
0.2090 -0.03794
0.2100 -0.07037
0.2110 -0.10266
0.2120 -0.13475
0.2130 -0.16661
0.2140 -0.19818
0.2150 -0.22942
0.2160 -0.26029
0.2170 -0.29075
0.2180 -0.32075
0.2190 -0.35025
0.2200 -0.37920
0.2210 -0.40757
0.2220 -0.43532
0.2230 -0.46241
0.2240 -0.48880
0.2250 -0.51446
0.2260 -0.53934
0.2270 -0.56342
0.2280 -0.58666
0.2290 -0.60903
0.2300 -0.63050
0.2310 -0.65103
0.2320 -0.67061
0.2330 -0.68921
0.2340 -0.70679
0.2350 -0.72334
0.2360 -0.73883
0.2370 -0.75325
0.2380 -0.76657
0.2390 -0.77878
0.2400 -0.78986
0.2410 -0.79979
0.2420 -0.80857
0.2430 -0.81618
0.2440 -0.82262
0.2450 -0.82788
0.2460 -0.83194
0.2470 -0.83481
0.2480 -0.83649
0.2490 -0.83697
0.2500 -0.83625
0.2510 -0.83434
0.2520 -0.83124
0.2530 -0.82696
0.2540 -0.82151
0.2550 -0.81489
0.2560 -0.80712
0.2570 -0.79821
0.2580 -0.78817
0.2590 -0.77702
0.2600 -0.76478
0.2610 -0.75146
0.2620 -0.73709
0.2630 -0.72168
0.2640 -0.70527
0.2650 -0.68788
0.2660 -0.66953
0.2670 -0.65025
0.2680 -0.63007
0.2690 -0.60901
0.2700 -0.58712
0.2710 -0.56443
0.2720 -0.54095
0.2730 -0.51674
0.2740 -0.49183
0.2750 -0.46625
0.2760 -0.44004
0.2770 -0.41325
0.2780 -0.38589
0.2790 -0.35803
0.2800 -0.32970
0.2810 -0.30093
0.2820 -0.27178
0.2830 -0.24228
0.2840 -0.21248
0.2850 -0.18242
0.2860 -0.15214
0.2870 -0.12168
0.2880 -0.09110
0.2890 -0.06043
0.2900 -0.02971
0.2910 0.00100
0.2920 0.03166
0.2930 0.06224
0.2940 0.09269
0.2950 0.12296
0.2960 0.15301
0.2970 0.18280
0.2980 0.21228
0.2990 0.24142
0.3000 0.27018
0.3010 0.29851
0.3020 0.32637
0.3030 0.35372
0.3040 0.38054
0.3050 0.40677
0.3060 0.43238
0.3070 0.45734
0.3080 0.48161
0.3090 0.50516
0.3100 0.52795
0.3110 0.54996
0.3120 0.57115
0.3130 0.59149
0.3140 0.61097
0.3150 0.62954
0.3160 0.64719
0.3170 0.66388
0.3180 0.67961
0.3190 0.69435
0.3200 0.70807
0.3210 0.72076
0.3220 0.73240
0.3230 0.74299
0.3240 0.75249
0.3250 0.76091
0.3260 0.76824
0.3270 0.77445
0.3280 0.77955
0.3290 0.78353
0.3300 0.78639
0.3310 0.78812
0.3320 0.78872
0.3330 0.78819
0.3340 0.78654
0.3350 0.78378
0.3360 0.77989
0.3370 0.77490
0.3380 0.76881
0.3390 0.76163
0.3400 0.75337
0.3410 0.74405
0.3420 0.73369
0.3430 0.72228
0.3440 0.70987
0.3450 0.69646
0.3460 0.68207
0.3470 0.66673
0.3480 0.65046
0.3490 0.63329
0.3500 0.61524
0.3510 0.59633
0.3520 0.57660
0.3530 0.55607
0.3540 0.53478
0.3550 0.51276
0.3560 0.49004
0.3570 0.46665
0.3580 0.44263
0.3590 0.41801
0.3600 0.39282
0.3610 0.36712
0.3620 0.34092
0.3630 0.31428
0.3640 0.28723
0.3650 0.25980
0.3660 0.23205
0.3670 0.20400
0.3680 0.17570
0.3690 0.14719
0.3700 0.11851
0.3710 0.08970
0.3720 0.06081
0.3730 0.03187
0.3740 0.00292
0.3750 -0.02598
0.3760 -0.05481
0.3770 -0.08352
0.3780 -0.11207
0.3790 -0.14042
0.3800 -0.16852
0.3810 -0.19635
0.3820 -0.22386
0.3830 -0.25101
0.3840 -0.27776
0.3850 -0.30407
0.3860 -0.32992
0.3870 -0.35525
0.3880 -0.38005
0.3890 -0.40426
0.3900 -0.42787
0.3910 -0.45083
0.3920 -0.47311
0.3930 -0.49469
0.3940 -0.51553
0.3950 -0.53560
0.3960 -0.55488
0.3970 -0.57334
0.3980 -0.59096
0.3990 -0.60770
0.4000 -0.62356
0.4010 -0.63850
0.4020 -0.65251
0.4030 -0.66557
0.4040 -0.67766
0.4050 -0.68877
0.4060 -0.69888
0.4070 -0.70797
0.4080 -0.71605
0.4090 -0.72308
0.4100 -0.72908
0.4110 -0.73403
0.4120 -0.73792
0.4130 -0.74075
0.4140 -0.74252
0.4150 -0.74323
0.4160 -0.74288
0.4170 -0.74147
0.4180 -0.73900
0.4190 -0.73548
0.4200 -0.73091
0.4210 -0.72531
0.4220 -0.71868
0.4230 -0.71104
0.4240 -0.70239
0.4250 -0.69275
0.4260 -0.68213
0.4270 -0.67056
0.4280 -0.65805
0.4290 -0.64461
0.4300 -0.63028
0.4310 -0.61506
0.4320 -0.59899
0.4330 -0.58209
0.4340 -0.56437
0.4350 -0.54588
0.4360 -0.52664
0.4370 -0.50667
0.4380 -0.48601
0.4390 -0.46468
0.4400 -0.44273
0.4410 -0.42017
0.4420 -0.39704
0.4430 -0.37338
0.4440 -0.34922
0.4450 -0.32459
0.4460 -0.29954
0.4470 -0.27409
0.4480 -0.24830
0.4490 -0.22218
0.4500 -0.19578
0.4510 -0.16914
0.4520 -0.14230
0.4530 -0.11530
0.4540 -0.08816
0.4550 -0.06094
0.4560 -0.03368
0.4570 -0.00640
0.4580 0.02085
0.4590 0.04803
0.4600 0.07510
0.4610 0.10202
0.4620 0.12877
0.4630 0.15528
0.4640 0.18154
0.4650 0.20751
0.4660 0.23314
0.4670 0.25840
0.4680 0.28325
0.4690 0.30767
0.4700 0.33161
0.4710 0.35505
0.4720 0.37794
0.4730 0.40026
0.4740 0.42198
0.4750 0.44307
0.4760 0.46349
0.4770 0.48322
0.4780 0.50224
0.4790 0.52051
0.4800 0.53801
0.4810 0.55472
0.4820 0.57061
0.4830 0.58566
0.4840 0.59986
0.4850 0.61318
0.4860 0.62561
0.4870 0.63713
0.4880 0.64772
0.4890 0.65737
0.4900 0.66607
0.4910 0.67380
0.4920 0.68057
0.4930 0.68635
0.4940 0.69114
0.4950 0.69494
0.4960 0.69775
0.4970 0.69955
0.4980 0.70035
0.4990 0.70015
0.5000 0.69895
0.5010 0.69676
0.5020 0.69358
0.5030 0.68941
0.5040 0.68426
0.5050 0.67814
0.5060 0.67106
0.5070 0.66304
0.5080 0.65408
0.5090 0.64420
0.5100 0.63341
0.5110 0.62173
0.5120 0.60919
0.5130 0.59579
0.5140 0.58156
0.5150 0.56652
0.5160 0.55070
0.5170 0.53411
0.5180 0.51678
0.5190 0.49874
0.5200 0.48001
0.5210 0.46063
0.5220 0.44061
0.5230 0.42000
0.5240 0.39881
0.5250 0.37709
0.5260 0.35486
0.5270 0.33215
0.5280 0.30900
0.5290 0.28545
0.5300 0.26152
0.5310 0.23725
0.5320 0.21267
0.5330 0.18783
0.5340 0.16276
0.5350 0.13749
0.5360 0.11206
0.5370 0.08650
0.5380 0.06086
0.5390 0.03517
0.5400 0.00946
0.5410 -0.01622
0.5420 -0.04184
0.5430 -0.06737
0.5440 -0.09276
0.5450 -0.11799
0.5460 -0.14301
0.5470 -0.16779
0.5480 -0.19229
0.5490 -0.21649
0.5500 -0.24034
0.5510 -0.26382
0.5520 -0.28688
0.5530 -0.30951
0.5540 -0.33166
0.5550 -0.35330
0.5560 -0.37441
0.5570 -0.39495
0.5580 -0.41490
0.5590 -0.43423
0.5600 -0.45292
0.5610 -0.47093
0.5620 -0.48824
0.5630 -0.50483
0.5640 -0.52068
0.5650 -0.53576
0.5660 -0.55005
0.5670 -0.56354
0.5680 -0.57620
0.5690 -0.58803
0.5700 -0.59900
0.5710 -0.60909
0.5720 -0.61831
0.5730 -0.62662
0.5740 -0.63404
0.5750 -0.64053
0.5760 -0.64610
0.5770 -0.65075
0.5780 -0.65445
0.5790 -0.65722
0.5800 -0.65905
0.5810 -0.65993
0.5820 -0.65987
0.5830 -0.65886
0.5840 -0.65692
0.5850 -0.65404
0.5860 -0.65024
0.5870 -0.64551
0.5880 -0.63987
0.5890 -0.63332
0.5900 -0.62587
0.5910 -0.61755
0.5920 -0.60835
0.5930 -0.59830
0.5940 -0.58741
0.5950 -0.57569
0.5960 -0.56317
0.5970 -0.54987
0.5980 -0.53580
0.5990 -0.52098
0.6000 -0.50545
0.6010 -0.48921
0.6020 -0.47230
0.6030 -0.45473
0.6040 -0.43655
0.6050 -0.41776
0.6060 -0.39841
0.6070 -0.37852
0.6080 -0.35811
0.6090 -0.33722
0.6100 -0.31588
0.6110 -0.29412
0.6120 -0.27198
0.6130 -0.24947
0.6140 -0.22664
0.6150 -0.20352
0.6160 -0.18014
0.6170 -0.15654
0.6180 -0.13275
0.6190 -0.10880
0.6200 -0.08474
0.6210 -0.06058
0.6220 -0.03638
0.6230 -0.01215
0.6240 0.01205
0.6250 0.03621
0.6260 0.06028
0.6270 0.08423
0.6280 0.10802
0.6290 0.13163
0.6300 0.15501
0.6310 0.17814
0.6320 0.20098
0.6330 0.22350
0.6340 0.24568
0.6350 0.26746
0.6360 0.28884
0.6370 0.30977
0.6380 0.33024
0.6390 0.35020
0.6400 0.36963
0.6410 0.38851
0.6420 0.40680
0.6430 0.42449
0.6440 0.44155
0.6450 0.45795
0.6460 0.47368
0.6470 0.48870
0.6480 0.50301
0.6490 0.51658
0.6500 0.52940
0.6510 0.54144
0.6520 0.55268
0.6530 0.56313
0.6540 0.57275
0.6550 0.58155
0.6560 0.58950
0.6570 0.59660
0.6580 0.60284
0.6590 0.60820
0.6600 0.61270
0.6610 0.61631
0.6620 0.61903
0.6630 0.62087
0.6640 0.62182
0.6650 0.62188
0.6660 0.62106
0.6670 0.61934
0.6680 0.61675
0.6690 0.61328
0.6700 0.60894
0.6710 0.60374
0.6720 0.59768
0.6730 0.59077
0.6740 0.58304
0.6750 0.57448
0.6760 0.56512
0.6770 0.55496
0.6780 0.54402
0.6790 0.53233
0.6800 0.51989
0.6810 0.50672
0.6820 0.49285
0.6830 0.47830
0.6840 0.46309
0.6850 0.44723
0.6860 0.43076
0.6870 0.41370
0.6880 0.39608
0.6890 0.37791
0.6900 0.35923
0.6910 0.34006
0.6920 0.32044
0.6930 0.30038
0.6940 0.27993
0.6950 0.25910
0.6960 0.23794
0.6970 0.21646
0.6980 0.19471
0.6990 0.17271
0.7000 0.15050
0.7010 0.12810
0.7020 0.10555
0.7030 0.08289
0.7040 0.06013
0.7050 0.03733
0.7060 0.01450
0.7070 -0.00832
0.7080 -0.03109
0.7090 -0.05378
0.7100 -0.07636
0.7110 -0.09881
0.7120 -0.12108
0.7130 -0.14314
0.7140 -0.16497
0.7150 -0.18654
0.7160 -0.20780
0.7170 -0.22874
0.7180 -0.24932
0.7190 -0.26952
0.7200 -0.28931
0.7210 -0.30865
0.7220 -0.32752
0.7230 -0.34590
0.7240 -0.36376
0.7250 -0.38108
0.7260 -0.39782
0.7270 -0.41398
0.7280 -0.42952
0.7290 -0.44443
0.7300 -0.45868
0.7310 -0.47225
0.7320 -0.48513
0.7330 -0.49730
0.7340 -0.50875
0.7350 -0.51945
0.7360 -0.52939
0.7370 -0.53857
0.7380 -0.54696
0.7390 -0.55456
0.7400 -0.56136
0.7410 -0.56734
0.7420 -0.57251
0.7430 -0.57686
0.7440 -0.58037
0.7450 -0.58305
0.7460 -0.58489
0.7470 -0.58590
0.7480 -0.58607
0.7490 -0.58540
0.7500 -0.58390
0.7510 -0.58157
0.7520 -0.57841
0.7530 -0.57443
0.7540 -0.56963
0.7550 -0.56403
0.7560 -0.55763
0.7570 -0.55044
0.7580 -0.54248
0.7590 -0.53376
0.7600 -0.52428
0.7610 -0.51408
0.7620 -0.50315
0.7630 -0.49152
0.7640 -0.47920
0.7650 -0.46622
0.7660 -0.45259
0.7670 -0.43834
0.7680 -0.42348
0.7690 -0.40803
0.7700 -0.39203
0.7710 -0.37549
0.7720 -0.35844
0.7730 -0.34090
0.7740 -0.32289
0.7750 -0.30446
0.7760 -0.28561
0.7770 -0.26638
0.7780 -0.24681
0.7790 -0.22690
0.7800 -0.20670
0.7810 -0.18624
0.7820 -0.16554
0.7830 -0.14463
0.7840 -0.12354
0.7850 -0.10231
0.7860 -0.08097
0.7870 -0.05953
0.7880 -0.03805
0.7890 -0.01654
0.7900 0.00497
0.7910 0.02643
0.7920 0.04783
0.7930 0.06913
0.7940 0.09029
0.7950 0.11130
0.7960 0.13213
0.7970 0.15273
0.7980 0.17308
0.7990 0.19316
0.8000 0.21294
0.8010 0.23238
0.8020 0.25146
0.8030 0.27016
0.8040 0.28844
0.8050 0.30629
0.8060 0.32367
0.8070 0.34057
0.8080 0.35696
0.8090 0.37281
0.8100 0.38811
0.8110 0.40284
0.8120 0.41696
0.8130 0.43048
0.8140 0.44335
0.8150 0.45558
0.8160 0.46714
0.8170 0.47802
0.8180 0.48820
0.8190 0.49766
0.8200 0.50641
0.8210 0.51441
0.8220 0.52167
0.8230 0.52818
0.8240 0.53393
0.8250 0.53890
0.8260 0.54310
0.8270 0.54651
0.8280 0.54914
0.8290 0.55099
0.8300 0.55204
0.8310 0.55231
0.8320 0.55178
0.8330 0.55047
0.8340 0.54838
0.8350 0.54550
0.8360 0.54185
0.8370 0.53744
0.8380 0.53226
0.8390 0.52633
0.8400 0.51966
0.8410 0.51225
0.8420 0.50413
0.8430 0.49529
0.8440 0.48576
0.8450 0.47556
0.8460 0.46468
0.8470 0.45316
0.8480 0.44101
0.8490 0.42825
0.8500 0.41489
0.8510 0.40097
0.8520 0.38648
0.8530 0.37147
0.8540 0.35595
0.8550 0.33994
0.8560 0.32348
0.8570 0.30657
0.8580 0.28925
0.8590 0.27154
0.8600 0.25347
0.8610 0.23506
0.8620 0.21634
0.8630 0.19734
0.8640 0.17809
0.8650 0.15861
0.8660 0.13893
0.8670 0.11908
0.8680 0.09909
0.8690 0.07899
0.8700 0.05880
0.8710 0.03856
0.8720 0.01829
0.8730 -0.00197
0.8740 -0.02221
0.8750 -0.04238
0.8760 -0.06247
0.8770 -0.08243
0.8780 -0.10225
0.8790 -0.12190
0.8800 -0.14134
0.8810 -0.16056
0.8820 -0.17951
0.8830 -0.19819
0.8840 -0.21655
0.8850 -0.23458
0.8860 -0.25225
0.8870 -0.26954
0.8880 -0.28641
0.8890 -0.30285
0.8900 -0.31884
0.8910 -0.33435
0.8920 -0.34935
0.8930 -0.36384
0.8940 -0.37779
0.8950 -0.39118
0.8960 -0.40399
0.8970 -0.41621
0.8980 -0.42781
0.8990 -0.43879
0.9000 -0.44913
0.9010 -0.45881
0.9020 -0.46782
0.9030 -0.47615
0.9040 -0.48379
0.9050 -0.49073
0.9060 -0.49695
0.9070 -0.50246
0.9080 -0.50725
0.9090 -0.51130
0.9100 -0.51462
0.9110 -0.51720
0.9120 -0.51903
0.9130 -0.52013
0.9140 -0.52047
0.9150 -0.52008
0.9160 -0.51894
0.9170 -0.51707
0.9180 -0.51446
0.9190 -0.51112
0.9200 -0.50705
0.9210 -0.50227
0.9220 -0.49677
0.9230 -0.49058
0.9240 -0.48369
0.9250 -0.47612
0.9260 -0.46789
0.9270 -0.45899
0.9280 -0.44946
0.9290 -0.43930
0.9300 -0.42852
0.9310 -0.41715
0.9320 -0.40520
0.9330 -0.39269
0.9340 -0.37963
0.9350 -0.36606
0.9360 -0.35197
0.9370 -0.33741
0.9380 -0.32239
0.9390 -0.30692
0.9400 -0.29105
0.9410 -0.27477
0.9420 -0.25813
0.9430 -0.24115
0.9440 -0.22384
0.9450 -0.20624
0.9460 -0.18837
0.9470 -0.17026
0.9480 -0.15193
0.9490 -0.13341
0.9500 -0.11473
0.9510 -0.09590
0.9520 -0.07697
0.9530 -0.05796
0.9540 -0.03889
0.9550 -0.01979
0.9560 -0.00069
0.9570 0.01838
0.9580 0.03740
0.9590 0.05634
0.9600 0.07517
0.9610 0.09387
0.9620 0.11241
0.9630 0.13076
0.9640 0.14889
0.9650 0.16679
0.9660 0.18443
0.9670 0.20177
0.9680 0.21881
0.9690 0.23551
0.9700 0.25184
0.9710 0.26780
0.9720 0.28335
0.9730 0.29847
0.9740 0.31314
0.9750 0.32735
0.9760 0.34107
0.9770 0.35428
0.9780 0.36697
0.9790 0.37912
0.9800 0.39071
0.9810 0.40172
0.9820 0.41215
0.9830 0.42197
0.9840 0.43117
0.9850 0.43975
0.9860 0.44769
0.9870 0.45497
0.9880 0.46160
0.9890 0.46756
0.9900 0.47284
0.9910 0.47744
0.9920 0.48135
0.9930 0.48457
0.9940 0.48709
0.9950 0.48892
0.9960 0.49004
0.9970 0.49046
0.9980 0.49019
0.9990 0.48921
1.0000 0.48753
1.0010 0.48517
1.0020 0.48211
1.0030 0.47837
1.0040 0.47395
1.0050 0.46886
1.0060 0.46311
1.0070 0.45671
1.0080 0.44966
1.0090 0.44198
1.0100 0.43369
1.0110 0.42478
1.0120 0.41528
1.0130 0.40521
1.0140 0.39456
1.0150 0.38337
1.0160 0.37165
1.0170 0.35942
1.0180 0.34669
1.0190 0.33348
1.0200 0.31982
1.0210 0.30572
1.0220 0.29120
1.0230 0.27629
1.0240 0.26100
1.0250 0.24536
1.0260 0.22940
1.0270 0.21313
1.0280 0.19658
1.0290 0.17978
1.0300 0.16274
1.0310 0.14549
1.0320 0.12806
1.0330 0.11047
1.0340 0.09275
1.0350 0.07492
1.0360 0.05701
1.0370 0.03905
1.0380 0.02105
1.0390 0.00305
1.0400 -0.01493
1.0410 -0.03286
1.0420 -0.05072
1.0430 -0.06848
1.0440 -0.08611
1.0450 -0.10360
1.0460 -0.12092
1.0470 -0.13804
1.0480 -0.15494
1.0490 -0.17159
1.0500 -0.18798
1.0510 -0.20407
1.0520 -0.21985
1.0530 -0.23529
1.0540 -0.25037
1.0550 -0.26508
1.0560 -0.27938
1.0570 -0.29327
1.0580 -0.30672
1.0590 -0.31971
1.0600 -0.33222
1.0610 -0.34425
1.0620 -0.35576
1.0630 -0.36675
1.0640 -0.37721
1.0650 -0.38711
1.0660 -0.39644
1.0670 -0.40519
1.0680 -0.41335
1.0690 -0.42091
1.0700 -0.42786
1.0710 -0.43419
1.0720 -0.43989
1.0730 -0.44495
1.0740 -0.44937
1.0750 -0.45315
1.0760 -0.45627
1.0770 -0.45873
1.0780 -0.46054
1.0790 -0.46169
1.0800 -0.46217
1.0810 -0.46200
1.0820 -0.46117
1.0830 -0.45968
1.0840 -0.45753
1.0850 -0.45474
1.0860 -0.45130
1.0870 -0.44722
1.0880 -0.44251
1.0890 -0.43717
1.0900 -0.43122
1.0910 -0.42466
1.0920 -0.41750
1.0930 -0.40976
1.0940 -0.40145
1.0950 -0.39257
1.0960 -0.38314
1.0970 -0.37319
1.0980 -0.36271
1.0990 -0.35173
1.1000 -0.34026
1.1010 -0.32833
1.1020 -0.31594
1.1030 -0.30312
1.1040 -0.28989
1.1050 -0.27626
1.1060 -0.26226
1.1070 -0.24790
1.1080 -0.23321
1.1090 -0.21820
1.1100 -0.20291
1.1110 -0.18735
1.1120 -0.17154
1.1130 -0.15551
1.1140 -0.13928
1.1150 -0.12288
1.1160 -0.10632
1.1170 -0.08964
1.1180 -0.07285
1.1190 -0.05598
1.1200 -0.03906
1.1210 -0.02210
1.1220 -0.00514
1.1230 0.01180
1.1240 0.02871
1.1250 0.04555
1.1260 0.06230
1.1270 0.07894
1.1280 0.09544
1.1290 0.11178
1.1300 0.12794
1.1310 0.14389
1.1320 0.15962
1.1330 0.17509
1.1340 0.19029
1.1350 0.20520
1.1360 0.21980
1.1370 0.23406
1.1380 0.24796
1.1390 0.26150
1.1400 0.27464
1.1410 0.28737
1.1420 0.29967
1.1430 0.31152
1.1440 0.32291
1.1450 0.33383
1.1460 0.34426
1.1470 0.35417
1.1480 0.36357
1.1490 0.37244
1.1500 0.38076
1.1510 0.38853
1.1520 0.39573
1.1530 0.40235
1.1540 0.40839
1.1550 0.41385
1.1560 0.41870
1.1570 0.42294
1.1580 0.42658
1.1590 0.42961
1.1600 0.43201
1.1610 0.43380
1.1620 0.43496
1.1630 0.43550
1.1640 0.43542
1.1650 0.43472
1.1660 0.43340
1.1670 0.43146
1.1680 0.42891
1.1690 0.42575
1.1700 0.42198
1.1710 0.41762
1.1720 0.41267
1.1730 0.40714
1.1740 0.40104
1.1750 0.39437
1.1760 0.38714
1.1770 0.37938
1.1780 0.37108
1.1790 0.36227
1.1800 0.35295
1.1810 0.34314
1.1820 0.33286
1.1830 0.32212
1.1840 0.31093
1.1850 0.29931
1.1860 0.28728
1.1870 0.27486
1.1880 0.26207
1.1890 0.24892
1.1900 0.23543
1.1910 0.22163
1.1920 0.20753
1.1930 0.19315
1.1940 0.17852
1.1950 0.16365
1.1960 0.14857
1.1970 0.13331
1.1980 0.11787
1.1990 0.10229
1.2000 0.08658
1.2010 0.07077
1.2020 0.05488
1.2030 0.03894
1.2040 0.02297
1.2050 0.00698
1.2060 -0.00899
1.2070 -0.02493
1.2080 -0.04081
1.2090 -0.05660
1.2100 -0.07230
1.2110 -0.08787
1.2120 -0.10329
1.2130 -0.11854
1.2140 -0.13360
1.2150 -0.14845
1.2160 -0.16306
1.2170 -0.17742
1.2180 -0.19151
1.2190 -0.20531
1.2200 -0.21879
1.2210 -0.23194
1.2220 -0.24474
1.2230 -0.25717
1.2240 -0.26922
1.2250 -0.28087
1.2260 -0.29209
1.2270 -0.30289
1.2280 -0.31324
1.2290 -0.32312
1.2300 -0.33253
1.2310 -0.34146
1.2320 -0.34988
1.2330 -0.35779
1.2340 -0.36518
1.2350 -0.37204
1.2360 -0.37835
1.2370 -0.38412
1.2380 -0.38933
1.2390 -0.39398
1.2400 -0.39806
1.2410 -0.40156
1.2420 -0.40449
1.2430 -0.40684
1.2440 -0.40860
1.2450 -0.40977
1.2460 -0.41036
1.2470 -0.41036
1.2480 -0.40978
1.2490 -0.40861
1.2500 -0.40686
1.2510 -0.40453
1.2520 -0.40163
1.2530 -0.39816
1.2540 -0.39413
1.2550 -0.38954
1.2560 -0.38440
1.2570 -0.37871
1.2580 -0.37250
1.2590 -0.36576
1.2600 -0.35851
1.2610 -0.35076
1.2620 -0.34252
1.2630 -0.33380
1.2640 -0.32462
1.2650 -0.31499
1.2660 -0.30492
1.2670 -0.29443
1.2680 -0.28354
1.2690 -0.27226
1.2700 -0.26060
1.2710 -0.24859
1.2720 -0.23624
1.2730 -0.22357
1.2740 -0.21060
1.2750 -0.19735
1.2760 -0.18384
1.2770 -0.17008
1.2780 -0.15610
1.2790 -0.14192
1.2800 -0.12755
1.2810 -0.11302
1.2820 -0.09836
1.2830 -0.08357
1.2840 -0.06868
1.2850 -0.05372
1.2860 -0.03870
1.2870 -0.02365
1.2880 -0.00859
1.2890 0.00646
1.2900 0.02149
1.2910 0.03646
1.2920 0.05136
1.2930 0.06616
1.2940 0.08085
1.2950 0.09540
1.2960 0.10980
1.2970 0.12401
1.2980 0.13803
1.2990 0.15184
1.3000 0.16540
1.3010 0.17871
1.3020 0.19175
1.3030 0.20450
1.3040 0.21693
1.3050 0.22904
1.3060 0.24080
1.3070 0.25220
1.3080 0.26323
1.3090 0.27386
1.3100 0.28409
1.3110 0.29390
1.3120 0.30328
1.3130 0.31220
1.3140 0.32068
1.3150 0.32868
1.3160 0.33620
1.3170 0.34323
1.3180 0.34975
1.3190 0.35578
1.3200 0.36128
1.3210 0.36626
1.3220 0.37071
1.3230 0.37463
1.3240 0.37800
1.3250 0.38083
1.3260 0.38312
1.3270 0.38485
1.3280 0.38603
1.3290 0.38666
1.3300 0.38674
1.3310 0.38626
1.3320 0.38523
1.3330 0.38366
1.3340 0.38154
1.3350 0.37887
1.3360 0.37567
1.3370 0.37194
1.3380 0.36769
1.3390 0.36291
1.3400 0.35763
1.3410 0.35184
1.3420 0.34555
1.3430 0.33878
1.3440 0.33154
1.3450 0.32384
1.3460 0.31568
1.3470 0.30709
1.3480 0.29807
1.3490 0.28863
1.3500 0.27880
1.3510 0.26859
1.3520 0.25800
1.3530 0.24706
1.3540 0.23579
1.3550 0.22419
1.3560 0.21230
1.3570 0.20011
1.3580 0.18766
1.3590 0.17495
1.3600 0.16202
1.3610 0.14887
1.3620 0.13553
1.3630 0.12202
1.3640 0.10835
1.3650 0.09454
1.3660 0.08062
1.3670 0.06660
1.3680 0.05251
1.3690 0.03837
1.3700 0.02419
1.3710 0.00999
1.3720 -0.00420
1.3730 -0.01836
1.3740 -0.03248
1.3750 -0.04653
1.3760 -0.06049
1.3770 -0.07435
1.3780 -0.08808
1.3790 -0.10166
1.3800 -0.11508
1.3810 -0.12832
1.3820 -0.14136
1.3830 -0.15417
1.3840 -0.16675
1.3850 -0.17907
1.3860 -0.19112
1.3870 -0.20288
1.3880 -0.21433
1.3890 -0.22546
1.3900 -0.23625
1.3910 -0.24669
1.3920 -0.25676
1.3930 -0.26645
1.3940 -0.27575
1.3950 -0.28464
1.3960 -0.29311
1.3970 -0.30115
1.3980 -0.30875
1.3990 -0.31589
1.4000 -0.32258
1.4010 -0.32880
1.4020 -0.33453
1.4030 -0.33979
1.4040 -0.34455
1.4050 -0.34881
1.4060 -0.35257
1.4070 -0.35581
1.4080 -0.35855
1.4090 -0.36077
1.4100 -0.36247
1.4110 -0.36366
1.4120 -0.36432
1.4130 -0.36446
1.4140 -0.36408
1.4150 -0.36318
1.4160 -0.36177
1.4170 -0.35984
1.4180 -0.35740
1.4190 -0.35445
1.4200 -0.35100
1.4210 -0.34705
1.4220 -0.34262
1.4230 -0.33770
1.4240 -0.33231
1.4250 -0.32645
1.4260 -0.32013
1.4270 -0.31337
1.4280 -0.30616
1.4290 -0.29853
1.4300 -0.29049
1.4310 -0.28204
1.4320 -0.27320
1.4330 -0.26399
1.4340 -0.25441
1.4350 -0.24448
1.4360 -0.23422
1.4370 -0.22363
1.4380 -0.21275
1.4390 -0.20157
1.4400 -0.19012
1.4410 -0.17842
1.4420 -0.16648
1.4430 -0.15432
1.4440 -0.14196
1.4450 -0.12941
1.4460 -0.11669
1.4470 -0.10383
1.4480 -0.09083
1.4490 -0.07773
1.4500 -0.06453
1.4510 -0.05126
1.4520 -0.03794
1.4530 -0.02458
1.4540 -0.01120
1.4550 0.00217
1.4560 0.01552
1.4570 0.02883
1.4580 0.04208
1.4590 0.05525
1.4600 0.06832
1.4610 0.08128
1.4620 0.09410
1.4630 0.10677
1.4640 0.11927
1.4650 0.13158
1.4660 0.14368
1.4670 0.15557
1.4680 0.16721
1.4690 0.17860
1.4700 0.18972
1.4710 0.20055
1.4720 0.21108
1.4730 0.22129
1.4740 0.23117
1.4750 0.24071
1.4760 0.24989
1.4770 0.25870
1.4780 0.26713
1.4790 0.27517
1.4800 0.28280
1.4810 0.29001
1.4820 0.29681
1.4830 0.30317
1.4840 0.30908
1.4850 0.31455
1.4860 0.31956
1.4870 0.32411
1.4880 0.32819
1.4890 0.33179
1.4900 0.33492
1.4910 0.33756
1.4920 0.33972
1.4930 0.34139
1.4940 0.34257
1.4950 0.34326
1.4960 0.34346
1.4970 0.34317
1.4980 0.34239
1.4990 0.34112
1.5000 0.33936
1.5010 0.33713
1.5020 0.33441
1.5030 0.33122
1.5040 0.32757
1.5050 0.32345
1.5060 0.31888
1.5070 0.31385
1.5080 0.30839
1.5090 0.30249
1.5100 0.29617
1.5110 0.28944
1.5120 0.28231
1.5130 0.27478
1.5140 0.26687
1.5150 0.25859
1.5160 0.24995
1.5170 0.24097
1.5180 0.23165
1.5190 0.22202
1.5200 0.21209
1.5210 0.20187
1.5220 0.19137
1.5230 0.18062
1.5240 0.16962
1.5250 0.15840
1.5260 0.14696
1.5270 0.13534
1.5280 0.12354
1.5290 0.11157
1.5300 0.09947
1.5310 0.08724
1.5320 0.07490
1.5330 0.06248
1.5340 0.04998
1.5350 0.03743
1.5360 0.02484
1.5370 0.01224
1.5380 -0.00036
1.5390 -0.01295
1.5400 -0.02550
1.5410 -0.03799
1.5420 -0.05041
1.5430 -0.06274
1.5440 -0.07497
1.5450 -0.08707
1.5460 -0.09903
1.5470 -0.11083
1.5480 -0.12245
1.5490 -0.13389
1.5500 -0.14511
1.5510 -0.15612
1.5520 -0.16688
1.5530 -0.17739
1.5540 -0.18764
1.5550 -0.19760
1.5560 -0.20726
1.5570 -0.21662
1.5580 -0.22565
1.5590 -0.23435
1.5600 -0.24270
1.5610 -0.25069
1.5620 -0.25831
1.5630 -0.26555
1.5640 -0.27241
1.5650 -0.27886
1.5660 -0.28491
1.5670 -0.29054
1.5680 -0.29575
1.5690 -0.30053
1.5700 -0.30488
1.5710 -0.30878
1.5720 -0.31224
1.5730 -0.31524
1.5740 -0.31780
1.5750 -0.31989
1.5760 -0.32153
1.5770 -0.32270
1.5780 -0.32341
1.5790 -0.32366
1.5800 -0.32345
1.5810 -0.32277
1.5820 -0.32164
1.5830 -0.32004
1.5840 -0.31800
1.5850 -0.31550
1.5860 -0.31255
1.5870 -0.30917
1.5880 -0.30535
1.5890 -0.30109
1.5900 -0.29642
1.5910 -0.29132
1.5920 -0.28582
1.5930 -0.27992
1.5940 -0.27362
1.5950 -0.26695
1.5960 -0.25990
1.5970 -0.25250
1.5980 -0.24474
1.5990 -0.23664
1.6000 -0.22822
1.6010 -0.21949
1.6020 -0.21045
1.6030 -0.20113
1.6040 -0.19153
1.6050 -0.18167
1.6060 -0.17157
1.6070 -0.16124
1.6080 -0.15069
1.6090 -0.13994
1.6100 -0.12901
1.6110 -0.11791
1.6120 -0.10665
1.6130 -0.09526
1.6140 -0.08375
1.6150 -0.07214
1.6160 -0.06044
1.6170 -0.04867
1.6180 -0.03685
1.6190 -0.02500
1.6200 -0.01312
1.6210 -0.00124
1.6220 0.01062
1.6230 0.02245
1.6240 0.03423
1.6250 0.04595
1.6260 0.05758
1.6270 0.06911
1.6280 0.08053
1.6290 0.09182
1.6300 0.10296
1.6310 0.11394
1.6320 0.12474
1.6330 0.13535
1.6340 0.14575
1.6350 0.15592
1.6360 0.16586
1.6370 0.17555
1.6380 0.18497
1.6390 0.19411
1.6400 0.20297
1.6410 0.21152
1.6420 0.21976
1.6430 0.22767
1.6440 0.23525
1.6450 0.24248
1.6460 0.24935
1.6470 0.25586
1.6480 0.26200
1.6490 0.26775
1.6500 0.27311
1.6510 0.27807
1.6520 0.28263
1.6530 0.28678
1.6540 0.29051
1.6550 0.29383
1.6560 0.29672
1.6570 0.29918
1.6580 0.30121
1.6590 0.30281
1.6600 0.30397
1.6610 0.30470
1.6620 0.30499
1.6630 0.30485
1.6640 0.30427
1.6650 0.30326
1.6660 0.30182
1.6670 0.29995
1.6680 0.29765
1.6690 0.29493
1.6700 0.29179
1.6710 0.28825
1.6720 0.28429
1.6730 0.27994
1.6740 0.27519
1.6750 0.27006
1.6760 0.26454
1.6770 0.25866
1.6780 0.25242
1.6790 0.24583
1.6800 0.23889
1.6810 0.23162
1.6820 0.22404
1.6830 0.21614
1.6840 0.20795
1.6850 0.19947
1.6860 0.19072
1.6870 0.18171
1.6880 0.17245
1.6890 0.16296
1.6900 0.15325
1.6910 0.14334
1.6920 0.13324
1.6930 0.12296
1.6940 0.11252
1.6950 0.10193
1.6960 0.09121
1.6970 0.08038
1.6980 0.06945
1.6990 0.05844
1.7000 0.04735
1.7010 0.03622
1.7020 0.02505
1.7030 0.01386
1.7040 0.00267
1.7050 -0.00852
1.7060 -0.01967
1.7070 -0.03078
1.7080 -0.04183
1.7090 -0.05280
1.7100 -0.06368
1.7110 -0.07446
1.7120 -0.08511
1.7130 -0.09563
1.7140 -0.10600
1.7150 -0.11620
1.7160 -0.12622
1.7170 -0.13605
1.7180 -0.14566
1.7190 -0.15506
1.7200 -0.16422
1.7210 -0.17313
1.7220 -0.18179
1.7230 -0.19017
1.7240 -0.19827
1.7250 -0.20607
1.7260 -0.21357
1.7270 -0.22075
1.7280 -0.22761
1.7290 -0.23413
1.7300 -0.24031
1.7310 -0.24614
1.7320 -0.25161
1.7330 -0.25671
1.7340 -0.26144
1.7350 -0.26578
1.7360 -0.26975
1.7370 -0.27332
1.7380 -0.27649
1.7390 -0.27927
1.7400 -0.28164
1.7410 -0.28361
1.7420 -0.28517
1.7430 -0.28632
1.7440 -0.28707
1.7450 -0.28740
1.7460 -0.28732
1.7470 -0.28683
1.7480 -0.28593
1.7490 -0.28462
1.7500 -0.28291
1.7510 -0.28080
1.7520 -0.27829
1.7530 -0.27539
1.7540 -0.27210
1.7550 -0.26842
1.7560 -0.26437
1.7570 -0.25994
1.7580 -0.25515
1.7590 -0.25001
1.7600 -0.24451
1.7610 -0.23867
1.7620 -0.23250
1.7630 -0.22601
1.7640 -0.21920
1.7650 -0.21209
1.7660 -0.20469
1.7670 -0.19701
1.7680 -0.18905
1.7690 -0.18084
1.7700 -0.17238
1.7710 -0.16369
1.7720 -0.15478
1.7730 -0.14565
1.7740 -0.13634
1.7750 -0.12684
1.7760 -0.11717
1.7770 -0.10735
1.7780 -0.09739
1.7790 -0.08731
1.7800 -0.07712
1.7810 -0.06683
1.7820 -0.05646
1.7830 -0.04602
1.7840 -0.03553
1.7850 -0.02501
1.7860 -0.01447
1.7870 -0.00392
1.7880 0.00662
1.7890 0.01713
1.7900 0.02761
1.7910 0.03803
1.7920 0.04838
1.7930 0.05865
1.7940 0.06882
1.7950 0.07887
1.7960 0.08880
1.7970 0.09859
1.7980 0.10823
1.7990 0.11769
1.8000 0.12698
1.8010 0.13607
1.8020 0.14495
1.8030 0.15361
1.8040 0.16204
1.8050 0.17023
1.8060 0.17816
1.8070 0.18583
1.8080 0.19322
1.8090 0.20033
1.8100 0.20714
1.8110 0.21364
1.8120 0.21983
1.8130 0.22570
1.8140 0.23124
1.8150 0.23643
1.8160 0.24129
1.8170 0.24579
1.8180 0.24993
1.8190 0.25372
1.8200 0.25713
1.8210 0.26017
1.8220 0.26284
1.8230 0.26513
1.8240 0.26704
1.8250 0.26856
1.8260 0.26969
1.8270 0.27045
1.8280 0.27081
1.8290 0.27078
1.8300 0.27037
1.8310 0.26958
1.8320 0.26840
1.8330 0.26684
1.8340 0.26490
1.8350 0.26259
1.8360 0.25990
1.8370 0.25685
1.8380 0.25343
1.8390 0.24966
1.8400 0.24553
1.8410 0.24107
1.8420 0.23626
1.8430 0.23112
1.8440 0.22567
1.8450 0.21989
1.8460 0.21381
1.8470 0.20744
1.8480 0.20078
1.8490 0.19384
1.8500 0.18663
1.8510 0.17917
1.8520 0.17146
1.8530 0.16352
1.8540 0.15536
1.8550 0.14699
1.8560 0.13841
1.8570 0.12966
1.8580 0.12073
1.8590 0.11164
1.8600 0.10241
1.8610 0.09304
1.8620 0.08355
1.8630 0.07396
1.8640 0.06427
1.8650 0.05451
1.8660 0.04468
1.8670 0.03481
1.8680 0.02490
1.8690 0.01496
1.8700 0.00502
1.8710 -0.00491
1.8720 -0.01482
1.8730 -0.02470
1.8740 -0.03453
1.8750 -0.04429
1.8760 -0.05398
1.8770 -0.06358
1.8780 -0.07307
1.8790 -0.08244
1.8800 -0.09168
1.8810 -0.10078
1.8820 -0.10972
1.8830 -0.11850
1.8840 -0.12709
1.8850 -0.13549
1.8860 -0.14368
1.8870 -0.15165
1.8880 -0.15940
1.8890 -0.16691
1.8900 -0.17417
1.8910 -0.18117
1.8920 -0.18790
1.8930 -0.19436
1.8940 -0.20052
1.8950 -0.20640
1.8960 -0.21197
1.8970 -0.21723
1.8980 -0.22217
1.8990 -0.22678
1.9000 -0.23107
1.9010 -0.23502
1.9020 -0.23863
1.9030 -0.24190
1.9040 -0.24481
1.9050 -0.24737
1.9060 -0.24958
1.9070 -0.25142
1.9080 -0.25290
1.9090 -0.25402
1.9100 -0.25478
1.9110 -0.25517
1.9120 -0.25520
1.9130 -0.25486
1.9140 -0.25416
1.9150 -0.25310
1.9160 -0.25167
1.9170 -0.24989
1.9180 -0.24776
1.9190 -0.24527
1.9200 -0.24244
1.9210 -0.23927
1.9220 -0.23576
1.9230 -0.23192
1.9240 -0.22775
1.9250 -0.22326
1.9260 -0.21846
1.9270 -0.21336
1.9280 -0.20796
1.9290 -0.20227
1.9300 -0.19630
1.9310 -0.19006
1.9320 -0.18355
1.9330 -0.17679
1.9340 -0.16979
1.9350 -0.16256
1.9360 -0.15511
1.9370 -0.14744
1.9380 -0.13958
1.9390 -0.13152
1.9400 -0.12330
1.9410 -0.11490
1.9420 -0.10636
1.9430 -0.09767
1.9440 -0.08886
1.9450 -0.07993
1.9460 -0.07091
1.9470 -0.06179
1.9480 -0.05260
1.9490 -0.04335
1.9500 -0.03405
1.9510 -0.02471
1.9520 -0.01535
1.9530 -0.00598
1.9540 0.00338
1.9550 0.01272
1.9560 0.02204
1.9570 0.03130
1.9580 0.04051
1.9590 0.04965
1.9600 0.05871
1.9610 0.06767
1.9620 0.07652
1.9630 0.08524
1.9640 0.09384
1.9650 0.10228
1.9660 0.11057
1.9670 0.11869
1.9680 0.12663
1.9690 0.13437
1.9700 0.14192
1.9710 0.14925
1.9720 0.15635
1.9730 0.16323
1.9740 0.16986
1.9750 0.17624
1.9760 0.18235
1.9770 0.18820
1.9780 0.19377
1.9790 0.19906
1.9800 0.20406
1.9810 0.20875
1.9820 0.21315
1.9830 0.21723
1.9840 0.22099
1.9850 0.22444
1.9860 0.22756
1.9870 0.23035
1.9880 0.23281
1.9890 0.23493
1.9900 0.23671
1.9910 0.23816
1.9920 0.23926
1.9930 0.24002
1.9940 0.24043
1.9950 0.24050
1.9960 0.24023
1.9970 0.23961
1.9980 0.23866
1.9990 0.23736
2.0000 0.23573
2.0010 0.23376
2.0020 0.23146
2.0030 0.22884
2.0040 0.22589
2.0050 0.22263
2.0060 0.21905
2.0070 0.21516
2.0080 0.21097
2.0090 0.20649
2.0100 0.20172
2.0110 0.19667
2.0120 0.19134
2.0130 0.18575
2.0140 0.17990
2.0150 0.17380
2.0160 0.16746
2.0170 0.16090
2.0180 0.15411
2.0190 0.14711
2.0200 0.13992
2.0210 0.13253
2.0220 0.12496
2.0230 0.11723
2.0240 0.10934
2.0250 0.10131
2.0260 0.09314
2.0270 0.08485
2.0280 0.07646
2.0290 0.06796
2.0300 0.05938
2.0310 0.05073
2.0320 0.04202
2.0330 0.03326
2.0340 0.02446
2.0350 0.01565
2.0360 0.00682
2.0370 -0.00201
2.0380 -0.01081
2.0390 -0.01959
2.0400 -0.02833
2.0410 -0.03702
2.0420 -0.04564
2.0430 -0.05419
2.0440 -0.06264
2.0450 -0.07100
2.0460 -0.07924
2.0470 -0.08735
2.0480 -0.09533
2.0490 -0.10316
2.0500 -0.11084
2.0510 -0.11834
2.0520 -0.12566
2.0530 -0.13280
2.0540 -0.13973
2.0550 -0.14646
2.0560 -0.15296
2.0570 -0.15924
2.0580 -0.16529
2.0590 -0.17109
2.0600 -0.17663
2.0610 -0.18192
2.0620 -0.18694
2.0630 -0.19168
2.0640 -0.19614
2.0650 -0.20032
2.0660 -0.20421
2.0670 -0.20780
2.0680 -0.21108
2.0690 -0.21407
2.0700 -0.21674
2.0710 -0.21909
2.0720 -0.22114
2.0730 -0.22286
2.0740 -0.22426
2.0750 -0.22534
2.0760 -0.22610
2.0770 -0.22654
2.0780 -0.22665
2.0790 -0.22643
2.0800 -0.22590
2.0810 -0.22504
2.0820 -0.22386
2.0830 -0.22236
2.0840 -0.22055
2.0850 -0.21843
2.0860 -0.21599
2.0870 -0.21326
2.0880 -0.21022
2.0890 -0.20689
2.0900 -0.20326
2.0910 -0.19935
2.0920 -0.19517
2.0930 -0.19070
2.0940 -0.18598
2.0950 -0.18099
2.0960 -0.17576
2.0970 -0.17028
2.0980 -0.16456
2.0990 -0.15862
2.1000 -0.15246
2.1010 -0.14609
2.1020 -0.13952
2.1030 -0.13277
2.1040 -0.12583
2.1050 -0.11872
2.1060 -0.11146
2.1070 -0.10404
2.1080 -0.09649
2.1090 -0.08881
2.1100 -0.08101
2.1110 -0.07311
2.1120 -0.06512
2.1130 -0.05704
2.1140 -0.04890
2.1150 -0.04069
2.1160 -0.03244
2.1170 -0.02416
2.1180 -0.01585
2.1190 -0.00754
2.1200 0.00078
2.1210 0.00908
2.1220 0.01736
2.1230 0.02560
2.1240 0.03380
2.1250 0.04193
2.1260 0.04999
2.1270 0.05797
2.1280 0.06586
2.1290 0.07364
2.1300 0.08130
2.1310 0.08884
2.1320 0.09624
2.1330 0.10349
2.1340 0.11058
2.1350 0.11751
2.1360 0.12425
2.1370 0.13082
2.1380 0.13718
2.1390 0.14334
2.1400 0.14929
2.1410 0.15501
2.1420 0.16051
2.1430 0.16576
2.1440 0.17078
2.1450 0.17554
2.1460 0.18005
2.1470 0.18429
2.1480 0.18826
2.1490 0.19196
2.1500 0.19538
2.1510 0.19852
2.1520 0.20137
2.1530 0.20392
2.1540 0.20618
2.1550 0.20815
2.1560 0.20981
2.1570 0.21117
2.1580 0.21223
2.1590 0.21299
2.1600 0.21344
2.1610 0.21358
2.1620 0.21342
2.1630 0.21296
2.1640 0.21219
2.1650 0.21112
2.1660 0.20975
2.1670 0.20808
2.1680 0.20612
2.1690 0.20386
2.1700 0.20132
2.1710 0.19850
2.1720 0.19539
2.1730 0.19202
2.1740 0.18837
2.1750 0.18446
2.1760 0.18029
2.1770 0.17587
2.1780 0.17120
2.1790 0.16630
2.1800 0.16116
2.1810 0.15581
2.1820 0.15024
2.1830 0.14446
2.1840 0.13848
2.1850 0.13232
2.1860 0.12597
2.1870 0.11946
2.1880 0.11278
2.1890 0.10595
2.1900 0.09898
2.1910 0.09188
2.1920 0.08466
2.1930 0.07733
2.1940 0.06990
2.1950 0.06237
2.1960 0.05477
2.1970 0.04711
2.1980 0.03938
2.1990 0.03161
2.2000 0.02381
2.2010 0.01599
2.2020 0.00815
2.2030 0.00031
2.2040 -0.00752
2.2050 -0.01532
2.2060 -0.02309
2.2070 -0.03082
2.2080 -0.03849
2.2090 -0.04610
2.2100 -0.05363
2.2110 -0.06107
2.2120 -0.06842
2.2130 -0.07566
2.2140 -0.08278
2.2150 -0.08977
2.2160 -0.09662
2.2170 -0.10332
2.2180 -0.10987
2.2190 -0.11625
2.2200 -0.12246
2.2210 -0.12848
2.2220 -0.13431
2.2230 -0.13994
2.2240 -0.14537
2.2250 -0.15057
2.2260 -0.15556
2.2270 -0.16031
2.2280 -0.16483
2.2290 -0.16911
2.2300 -0.17315
2.2310 -0.17692
2.2320 -0.18044
2.2330 -0.18370
2.2340 -0.18669
2.2350 -0.18941
2.2360 -0.19186
2.2370 -0.19403
2.2380 -0.19592
2.2390 -0.19752
2.2400 -0.19885
2.2410 -0.19988
2.2420 -0.20063
2.2430 -0.20109
2.2440 -0.20127
2.2450 -0.20115
2.2460 -0.20075
2.2470 -0.20007
2.2480 -0.19910
2.2490 -0.19784
2.2500 -0.19631
2.2510 -0.19450
2.2520 -0.19241
2.2530 -0.19005
2.2540 -0.18743
2.2550 -0.18454
2.2560 -0.18139
2.2570 -0.17798
2.2580 -0.17433
2.2590 -0.17043
2.2600 -0.16630
2.2610 -0.16193
2.2620 -0.15734
2.2630 -0.15253
2.2640 -0.14751
2.2650 -0.14229
2.2660 -0.13687
2.2670 -0.13126
2.2680 -0.12548
2.2690 -0.11952
2.2700 -0.11340
2.2710 -0.10713
2.2720 -0.10071
2.2730 -0.09416
2.2740 -0.08749
2.2750 -0.08069
2.2760 -0.07380
2.2770 -0.06681
2.2780 -0.05973
2.2790 -0.05258
2.2800 -0.04536
2.2810 -0.03809
2.2820 -0.03077
2.2830 -0.02342
2.2840 -0.01605
2.2850 -0.00867
2.2860 -0.00128
2.2870 0.00610
2.2880 0.01346
2.2890 0.02079
2.2900 0.02807
2.2910 0.03531
2.2920 0.04249
2.2930 0.04960
2.2940 0.05662
2.2950 0.06356
2.2960 0.07039
2.2970 0.07711
2.2980 0.08372
2.2990 0.09019
2.3000 0.09653
2.3010 0.10272
2.3020 0.10876
2.3030 0.11463
2.3040 0.12033
2.3050 0.12584
2.3060 0.13118
2.3070 0.13631
2.3080 0.14125
2.3090 0.14597
2.3100 0.15049
2.3110 0.15478
2.3120 0.15884
2.3130 0.16267
2.3140 0.16626
2.3150 0.16961
2.3160 0.17272
2.3170 0.17557
2.3180 0.17817
2.3190 0.18051
2.3200 0.18258
2.3210 0.18440
2.3220 0.18595
2.3230 0.18723
2.3240 0.18824
2.3250 0.18899
2.3260 0.18946
2.3270 0.18966
2.3280 0.18959
2.3290 0.18925
2.3300 0.18864
2.3310 0.18776
2.3320 0.18661
2.3330 0.18520
2.3340 0.18353
2.3350 0.18160
2.3360 0.17941
2.3370 0.17697
2.3380 0.17427
2.3390 0.17134
2.3400 0.16816
2.3410 0.16475
2.3420 0.16111
2.3430 0.15724
2.3440 0.15316
2.3450 0.14886
2.3460 0.14435
2.3470 0.13965
2.3480 0.13475
2.3490 0.12967
2.3500 0.12441
2.3510 0.11898
2.3520 0.11339
2.3530 0.10764
2.3540 0.10175
2.3550 0.09572
2.3560 0.08956
2.3570 0.08329
2.3580 0.07690
2.3590 0.07042
2.3600 0.06384
2.3610 0.05718
2.3620 0.05045
2.3630 0.04366
2.3640 0.03681
2.3650 0.02992
2.3660 0.02300
2.3670 0.01605
2.3680 0.00910
2.3690 0.00214
2.3700 -0.00482
2.3710 -0.01176
2.3720 -0.01867
2.3730 -0.02554
2.3740 -0.03237
2.3750 -0.03914
2.3760 -0.04585
2.3770 -0.05248
2.3780 -0.05902
2.3790 -0.06548
2.3800 -0.07183
2.3810 -0.07807
2.3820 -0.08419
2.3830 -0.09018
2.3840 -0.09603
2.3850 -0.10173
2.3860 -0.10729
2.3870 -0.11268
2.3880 -0.11791
2.3890 -0.12295
2.3900 -0.12782
2.3910 -0.13250
2.3920 -0.13698
2.3930 -0.14125
2.3940 -0.14532
2.3950 -0.14918
2.3960 -0.15282
2.3970 -0.15624
2.3980 -0.15943
2.3990 -0.16238
2.4000 -0.16510
2.4010 -0.16758
2.4020 -0.16982
2.4030 -0.17181
2.4040 -0.17355
2.4050 -0.17505
2.4060 -0.17629
2.4070 -0.17728
2.4080 -0.17801
2.4090 -0.17849
2.4100 -0.17871
2.4110 -0.17868
2.4120 -0.17839
2.4130 -0.17785
2.4140 -0.17706
2.4150 -0.17601
2.4160 -0.17472
2.4170 -0.17317
2.4180 -0.17138
2.4190 -0.16935
2.4200 -0.16708
2.4210 -0.16458
2.4220 -0.16184
2.4230 -0.15888
2.4240 -0.15569
2.4250 -0.15229
2.4260 -0.14868
2.4270 -0.14485
2.4280 -0.14083
2.4290 -0.13661
2.4300 -0.13220
2.4310 -0.12761
2.4320 -0.12284
2.4330 -0.11791
2.4340 -0.11281
2.4350 -0.10756
2.4360 -0.10217
2.4370 -0.09663
2.4380 -0.09097
2.4390 -0.08518
2.4400 -0.07928
2.4410 -0.07328
2.4420 -0.06718
2.4430 -0.06099
2.4440 -0.05473
2.4450 -0.04839
2.4460 -0.04200
2.4470 -0.03555
2.4480 -0.02906
2.4490 -0.02255
2.4500 -0.01600
2.4510 -0.00945
2.4520 -0.00289
2.4530 0.00367
2.4540 0.01021
2.4550 0.01672
2.4560 0.02320
2.4570 0.02965
2.4580 0.03603
2.4590 0.04236
2.4600 0.04862
2.4610 0.05480
2.4620 0.06090
2.4630 0.06689
2.4640 0.07279
2.4650 0.07857
2.4660 0.08423
2.4670 0.08976
2.4680 0.09516
2.4690 0.10041
2.4700 0.10551
2.4710 0.11046
2.4720 0.11524
2.4730 0.11985
2.4740 0.12428
2.4750 0.12853
2.4760 0.13258
2.4770 0.13645
2.4780 0.14011
2.4790 0.14357
2.4800 0.14681
2.4810 0.14985
2.4820 0.15266
2.4830 0.15525
2.4840 0.15762
2.4850 0.15976
2.4860 0.16167
2.4870 0.16334
2.4880 0.16478
2.4890 0.16598
2.4900 0.16695
2.4910 0.16767
2.4920 0.16815
2.4930 0.16840
2.4940 0.16840
2.4950 0.16816
2.4960 0.16768
2.4970 0.16696
2.4980 0.16601
2.4990 0.16482
2.5000 0.16340
2.5010 0.16174
2.5020 0.15986
2.5030 0.15775
2.5040 0.15542
2.5050 0.15287
2.5060 0.15011
2.5070 0.14713
2.5080 0.14395
2.5090 0.14057
2.5100 0.13699
2.5110 0.13323
2.5120 0.12927
2.5130 0.12514
2.5140 0.12084
2.5150 0.11637
2.5160 0.11174
2.5170 0.10696
2.5180 0.10203
2.5190 0.09696
2.5200 0.09177
2.5210 0.08644
2.5220 0.08101
2.5230 0.07546
2.5240 0.06982
2.5250 0.06408
2.5260 0.05826
2.5270 0.05236
2.5280 0.04640
2.5290 0.04038
2.5300 0.03432
2.5310 0.02821
2.5320 0.02207
2.5330 0.01591
2.5340 0.00973
2.5350 0.00355
2.5360 -0.00263
2.5370 -0.00880
2.5380 -0.01494
2.5390 -0.02105
2.5400 -0.02713
2.5410 -0.03316
2.5420 -0.03913
2.5430 -0.04503
2.5440 -0.05087
2.5450 -0.05662
2.5460 -0.06229
2.5470 -0.06785
2.5480 -0.07332
2.5490 -0.07867
2.5500 -0.08390
2.5510 -0.08900
2.5520 -0.09397
2.5530 -0.09880
2.5540 -0.10348
2.5550 -0.10800
2.5560 -0.11237
2.5570 -0.11657
2.5580 -0.12059
2.5590 -0.12444
2.5600 -0.12810
2.5610 -0.13158
2.5620 -0.13486
2.5630 -0.13795
2.5640 -0.14084
2.5650 -0.14352
2.5660 -0.14599
2.5670 -0.14825
2.5680 -0.15029
2.5690 -0.15212
2.5700 -0.15373
2.5710 -0.15511
2.5720 -0.15628
2.5730 -0.15721
2.5740 -0.15793
2.5750 -0.15841
2.5760 -0.15867
2.5770 -0.15870
2.5780 -0.15851
2.5790 -0.15809
2.5800 -0.15744
2.5810 -0.15657
2.5820 -0.15548
2.5830 -0.15417
2.5840 -0.15264
2.5850 -0.15089
2.5860 -0.14893
2.5870 -0.14676
2.5880 -0.14439
2.5890 -0.14181
2.5900 -0.13903
2.5910 -0.13606
2.5920 -0.13290
2.5930 -0.12956
2.5940 -0.12603
2.5950 -0.12233
2.5960 -0.11846
2.5970 -0.11442
2.5980 -0.11023
2.5990 -0.10589
2.6000 -0.10140
2.6010 -0.09678
2.6020 -0.09202
2.6030 -0.08714
2.6040 -0.08214
2.6050 -0.07703
2.6060 -0.07181
2.6070 -0.06651
2.6080 -0.06111
2.6090 -0.05564
2.6100 -0.05009
2.6110 -0.04448
2.6120 -0.03882
2.6130 -0.03310
2.6140 -0.02735
2.6150 -0.02157
2.6160 -0.01576
2.6170 -0.00995
2.6180 -0.00412
2.6190 0.00170
2.6200 0.00751
2.6210 0.01331
2.6220 0.01907
2.6230 0.02480
2.6240 0.03049
2.6250 0.03612
2.6260 0.04170
2.6270 0.04721
2.6280 0.05264
2.6290 0.05799
2.6300 0.06325
2.6310 0.06841
2.6320 0.07347
2.6330 0.07841
2.6340 0.08324
2.6350 0.08793
2.6360 0.09250
2.6370 0.09693
2.6380 0.10122
2.6390 0.10535
2.6400 0.10933
2.6410 0.11314
2.6420 0.11679
2.6430 0.12027
2.6440 0.12357
2.6450 0.12669
2.6460 0.12962
2.6470 0.13236
2.6480 0.13492
2.6490 0.13727
2.6500 0.13943
2.6510 0.14138
2.6520 0.14313
2.6530 0.14467
2.6540 0.14601
2.6550 0.14713
2.6560 0.14804
2.6570 0.14874
2.6580 0.14923
2.6590 0.14950
2.6600 0.14956
2.6610 0.14941
2.6620 0.14904
2.6630 0.14846
2.6640 0.14767
2.6650 0.14667
2.6660 0.14546
2.6670 0.14404
2.6680 0.14242
2.6690 0.14060
2.6700 0.13859
2.6710 0.13637
2.6720 0.13397
2.6730 0.13138
2.6740 0.12860
2.6750 0.12565
2.6760 0.12252
2.6770 0.11922
2.6780 0.11575
2.6790 0.11213
2.6800 0.10834
2.6810 0.10441
2.6820 0.10034
2.6830 0.09613
2.6840 0.09179
2.6850 0.08732
2.6860 0.08273
2.6870 0.07804
2.6880 0.07323
2.6890 0.06833
2.6900 0.06334
2.6910 0.05827
2.6920 0.05312
2.6930 0.04790
2.6940 0.04263
2.6950 0.03729
2.6960 0.03192
2.6970 0.02650
2.6980 0.02106
2.6990 0.01559
2.7000 0.01011
2.7010 0.00462
2.7020 -0.00087
2.7030 -0.00635
2.7040 -0.01181
2.7050 -0.01725
2.7060 -0.02265
2.7070 -0.02802
2.7080 -0.03333
2.7090 -0.03860
2.7100 -0.04380
2.7110 -0.04892
2.7120 -0.05398
2.7130 -0.05894
2.7140 -0.06382
2.7150 -0.06860
2.7160 -0.07327
2.7170 -0.07784
2.7180 -0.08228
2.7190 -0.08660
2.7200 -0.09079
2.7210 -0.09485
2.7220 -0.09876
2.7230 -0.10253
2.7240 -0.10615
2.7250 -0.10961
2.7260 -0.11291
2.7270 -0.11604
2.7280 -0.11900
2.7290 -0.12179
2.7300 -0.12440
2.7310 -0.12683
2.7320 -0.12907
2.7330 -0.13113
2.7340 -0.13300
2.7350 -0.13467
2.7360 -0.13615
2.7370 -0.13743
2.7380 -0.13852
2.7390 -0.13941
2.7400 -0.14009
2.7410 -0.14058
2.7420 -0.14086
2.7430 -0.14094
2.7440 -0.14082
2.7450 -0.14050
2.7460 -0.13998
2.7470 -0.13926
2.7480 -0.13835
2.7490 -0.13723
2.7500 -0.13593
2.7510 -0.13443
2.7520 -0.13274
2.7530 -0.13086
2.7540 -0.12880
2.7550 -0.12656
2.7560 -0.12414
2.7570 -0.12155
2.7580 -0.11879
2.7590 -0.11586
2.7600 -0.11277
2.7610 -0.10952
2.7620 -0.10613
2.7630 -0.10258
2.7640 -0.09890
2.7650 -0.09508
2.7660 -0.09112
2.7670 -0.08705
2.7680 -0.08285
2.7690 -0.07855
2.7700 -0.07413
2.7710 -0.06962
2.7720 -0.06502
2.7730 -0.06033
2.7740 -0.05556
2.7750 -0.05071
2.7760 -0.04580
2.7770 -0.04084
2.7780 -0.03582
2.7790 -0.03076
2.7800 -0.02566
2.7810 -0.02053
2.7820 -0.01538
2.7830 -0.01021
2.7840 -0.00504
2.7850 0.00013
2.7860 0.00529
2.7870 0.01044
2.7880 0.01557
2.7890 0.02067
2.7900 0.02573
2.7910 0.03075
2.7920 0.03571
2.7930 0.04062
2.7940 0.04546
2.7950 0.05023
2.7960 0.05493
2.7970 0.05953
2.7980 0.06405
2.7990 0.06847
2.8000 0.07278
2.8010 0.07698
2.8020 0.08107
2.8030 0.08504
2.8040 0.08888
2.8050 0.09258
2.8060 0.09615
2.8070 0.09958
2.8080 0.10286
2.8090 0.10599
2.8100 0.10896
2.8110 0.11178
2.8120 0.11443
2.8130 0.11691
2.8140 0.11922
2.8150 0.12136
2.8160 0.12332
2.8170 0.12510
2.8180 0.12671
2.8190 0.12813
2.8200 0.12936
2.8210 0.13041
2.8220 0.13127
2.8230 0.13194
2.8240 0.13242
2.8250 0.13271
2.8260 0.13282
2.8270 0.13273
2.8280 0.13245
2.8290 0.13199
2.8300 0.13134
2.8310 0.13050
2.8320 0.12947
2.8330 0.12827
2.8340 0.12688
2.8350 0.12531
2.8360 0.12356
2.8370 0.12164
2.8380 0.11956
2.8390 0.11730
2.8400 0.11488
2.8410 0.11229
2.8420 0.10956
2.8430 0.10667
2.8440 0.10363
2.8450 0.10044
2.8460 0.09712
2.8470 0.09367
2.8480 0.09008
2.8490 0.08637
2.8500 0.08255
2.8510 0.07861
2.8520 0.07457
2.8530 0.07042
2.8540 0.06618
2.8550 0.06185
2.8560 0.05744
2.8570 0.05296
2.8580 0.04840
2.8590 0.04378
2.8600 0.03911
2.8610 0.03439
2.8620 0.02962
2.8630 0.02482
2.8640 0.01999
2.8650 0.01514
2.8660 0.01028
2.8670 0.00540
2.8680 0.00053
2.8690 -0.00434
2.8700 -0.00919
2.8710 -0.01403
2.8720 -0.01884
2.8730 -0.02361
2.8740 -0.02834
2.8750 -0.03303
2.8760 -0.03766
2.8770 -0.04224
2.8780 -0.04674
2.8790 -0.05117
2.8800 -0.05553
2.8810 -0.05979
2.8820 -0.06397
2.8830 -0.06805
2.8840 -0.07202
2.8850 -0.07589
2.8860 -0.07964
2.8870 -0.08328
2.8880 -0.08679
2.8890 -0.09017
2.8900 -0.09342
2.8910 -0.09653
2.8920 -0.09949
2.8930 -0.10232
2.8940 -0.10499
2.8950 -0.10750
2.8960 -0.10986
2.8970 -0.11206
2.8980 -0.11410
2.8990 -0.11597
2.9000 -0.11768
2.9010 -0.11921
2.9020 -0.12057
2.9030 -0.12176
2.9040 -0.12277
2.9050 -0.12360
2.9060 -0.12426
2.9070 -0.12474
2.9080 -0.12504
2.9090 -0.12516
2.9100 -0.12510
2.9110 -0.12486
2.9120 -0.12445
2.9130 -0.12386
2.9140 -0.12309
2.9150 -0.12215
2.9160 -0.12103
2.9170 -0.11975
2.9180 -0.11829
2.9190 -0.11667
2.9200 -0.11488
2.9210 -0.11293
2.9220 -0.11083
2.9230 -0.10857
2.9240 -0.10615
2.9250 -0.10359
2.9260 -0.10089
2.9270 -0.09804
2.9280 -0.09506
2.9290 -0.09195
2.9300 -0.08871
2.9310 -0.08535
2.9320 -0.08187
2.9330 -0.07828
2.9340 -0.07458
2.9350 -0.07078
2.9360 -0.06689
2.9370 -0.06290
2.9380 -0.05884
2.9390 -0.05469
2.9400 -0.05047
2.9410 -0.04619
2.9420 -0.04184
2.9430 -0.03745
2.9440 -0.03300
2.9450 -0.02852
2.9460 -0.02400
2.9470 -0.01945
2.9480 -0.01488
2.9490 -0.01030
2.9500 -0.00570
2.9510 -0.00111
2.9520 0.00348
2.9530 0.00805
2.9540 0.01261
2.9550 0.01715
2.9560 0.02165
2.9570 0.02612
2.9580 0.03054
2.9590 0.03491
2.9600 0.03923
2.9610 0.04348
2.9620 0.04767
2.9630 0.05178
2.9640 0.05581
2.9650 0.05976
2.9660 0.06362
2.9670 0.06738
2.9680 0.07103
2.9690 0.07459
2.9700 0.07803
2.9710 0.08135
2.9720 0.08455
2.9730 0.08763
2.9740 0.09058
2.9750 0.09339
2.9760 0.09607
2.9770 0.09861
2.9780 0.10100
2.9790 0.10324
2.9800 0.10534
2.9810 0.10728
2.9820 0.10906
2.9830 0.11069
2.9840 0.11215
2.9850 0.11346
2.9860 0.11460
2.9870 0.11557
2.9880 0.11638
2.9890 0.11702
2.9900 0.11750
2.9910 0.11780
2.9920 0.11794
2.9930 0.11790
2.9940 0.11770
2.9950 0.11734
2.9960 0.11680
2.9970 0.11610
2.9980 0.11523
2.9990 0.11420
3.0000 0.11301
3.0010 0.11166
3.0020 0.11016
3.0030 0.10849
3.0040 0.10668
3.0050 0.10471
3.0060 0.10260
3.0070 0.10035
3.0080 0.09795
3.0090 0.09542
3.0100 0.09276
3.0110 0.08996
3.0120 0.08705
3.0130 0.08401
3.0140 0.08086
3.0150 0.07759
3.0160 0.07422
3.0170 0.07075
3.0180 0.06718
3.0190 0.06353
3.0200 0.05978
3.0210 0.05596
3.0220 0.05206
3.0230 0.04810
3.0240 0.04407
3.0250 0.03998
3.0260 0.03584
3.0270 0.03166
3.0280 0.02744
3.0290 0.02318
3.0300 0.01890
3.0310 0.01460
3.0320 0.01028
3.0330 0.00595
3.0340 0.00162
3.0350 -0.00270
3.0360 -0.00701
3.0370 -0.01131
3.0380 -0.01559
3.0390 -0.01984
3.0400 -0.02405
3.0410 -0.02822
3.0420 -0.03235
3.0430 -0.03643
3.0440 -0.04044
3.0450 -0.04440
3.0460 -0.04828
3.0470 -0.05209
3.0480 -0.05582
3.0490 -0.05947
3.0500 -0.06302
3.0510 -0.06648
3.0520 -0.06984
3.0530 -0.07310
3.0540 -0.07625
3.0550 -0.07928
3.0560 -0.08220
3.0570 -0.08499
3.0580 -0.08766
3.0590 -0.09020
3.0600 -0.09261
3.0610 -0.09488
3.0620 -0.09702
3.0630 -0.09901
3.0640 -0.10086
3.0650 -0.10256
3.0660 -0.10411
3.0670 -0.10551
3.0680 -0.10676
3.0690 -0.10786
3.0700 -0.10880
3.0710 -0.10958
3.0720 -0.11020
3.0730 -0.11067
3.0740 -0.11098
3.0750 -0.11113
3.0760 -0.11112
3.0770 -0.11095
3.0780 -0.11063
3.0790 -0.11014
3.0800 -0.10950
3.0810 -0.10871
3.0820 -0.10776
3.0830 -0.10666
3.0840 -0.10540
3.0850 -0.10400
3.0860 -0.10246
3.0870 -0.10076
3.0880 -0.09893
3.0890 -0.09696
3.0900 -0.09485
3.0910 -0.09261
3.0920 -0.09024
3.0930 -0.08775
3.0940 -0.08513
3.0950 -0.08240
3.0960 -0.07955
3.0970 -0.07660
3.0980 -0.07354
3.0990 -0.07037
3.1000 -0.06712
3.1010 -0.06377
3.1020 -0.06033
3.1030 -0.05681
3.1040 -0.05322
3.1050 -0.04956
3.1060 -0.04583
3.1070 -0.04204
3.1080 -0.03819
3.1090 -0.03430
3.1100 -0.03036
3.1110 -0.02639
3.1120 -0.02238
3.1130 -0.01835
3.1140 -0.01430
3.1150 -0.01023
3.1160 -0.00616
3.1170 -0.00208
3.1180 0.00200
3.1190 0.00607
3.1200 0.01012
3.1210 0.01415
3.1220 0.01816
3.1230 0.02214
3.1240 0.02607
3.1250 0.02997
3.1260 0.03382
3.1270 0.03761
3.1280 0.04134
3.1290 0.04501
3.1300 0.04861
3.1310 0.05214
3.1320 0.05559
3.1330 0.05895
3.1340 0.06222
3.1350 0.06540
3.1360 0.06848
3.1370 0.07146
3.1380 0.07433
3.1390 0.07710
3.1400 0.07975
3.1410 0.08228
3.1420 0.08469
3.1430 0.08697
3.1440 0.08913
3.1450 0.09116
3.1460 0.09306
3.1470 0.09482
3.1480 0.09644
3.1490 0.09792
3.1500 0.09926
3.1510 0.10046
3.1520 0.10151
3.1530 0.10241
3.1540 0.10317
3.1550 0.10378
3.1560 0.10424
3.1570 0.10455
3.1580 0.10471
3.1590 0.10472
3.1600 0.10459
3.1610 0.10430
3.1620 0.10386
3.1630 0.10328
3.1640 0.10255
3.1650 0.10167
3.1660 0.10065
3.1670 0.09949
3.1680 0.09819
3.1690 0.09675
3.1700 0.09518
3.1710 0.09347
3.1720 0.09163
3.1730 0.08966
3.1740 0.08756
3.1750 0.08535
3.1760 0.08301
3.1770 0.08056
3.1780 0.07800
3.1790 0.07533
3.1800 0.07256
3.1810 0.06969
3.1820 0.06672
3.1830 0.06366
3.1840 0.06052
3.1850 0.05729
3.1860 0.05398
3.1870 0.05061
3.1880 0.04716
3.1890 0.04366
3.1900 0.04009
3.1910 0.03648
3.1920 0.03282
3.1930 0.02911
3.1940 0.02537
3.1950 0.02160
3.1960 0.01780
3.1970 0.01399
3.1980 0.01015
3.1990 0.00631
3.2000 0.00247
3.2010 -0.00137
3.2020 -0.00521
3.2030 -0.00903
3.2040 -0.01283
3.2050 -0.01661
3.2060 -0.02036
3.2070 -0.02408
3.2080 -0.02775
3.2090 -0.03139
3.2100 -0.03497
3.2110 -0.03849
3.2120 -0.04196
3.2130 -0.04536
3.2140 -0.04869
3.2150 -0.05195
3.2160 -0.05513
3.2170 -0.05823
3.2180 -0.06123
3.2190 -0.06415
3.2200 -0.06697
3.2210 -0.06969
3.2220 -0.07231
3.2230 -0.07482
3.2240 -0.07722
3.2250 -0.07951
3.2260 -0.08168
3.2270 -0.08373
3.2280 -0.08566
3.2290 -0.08746
3.2300 -0.08914
3.2310 -0.09068
3.2320 -0.09210
3.2330 -0.09338
3.2340 -0.09452
3.2350 -0.09553
3.2360 -0.09640
3.2370 -0.09714
3.2380 -0.09773
3.2390 -0.09818
3.2400 -0.09849
3.2410 -0.09866
3.2420 -0.09869
3.2430 -0.09858
3.2440 -0.09833
3.2450 -0.09794
3.2460 -0.09741
3.2470 -0.09674
3.2480 -0.09593
3.2490 -0.09499
3.2500 -0.09391
3.2510 -0.09270
3.2520 -0.09136
3.2530 -0.08989
3.2540 -0.08830
3.2550 -0.08658
3.2560 -0.08474
3.2570 -0.08278
3.2580 -0.08071
3.2590 -0.07853
3.2600 -0.07623
3.2610 -0.07383
3.2620 -0.07133
3.2630 -0.06873
3.2640 -0.06604
3.2650 -0.06325
3.2660 -0.06038
3.2670 -0.05743
3.2680 -0.05440
3.2690 -0.05129
3.2700 -0.04812
3.2710 -0.04488
3.2720 -0.04159
3.2730 -0.03823
3.2740 -0.03483
3.2750 -0.03139
3.2760 -0.02790
3.2770 -0.02438
3.2780 -0.02083
3.2790 -0.01726
3.2800 -0.01366
3.2810 -0.01005
3.2820 -0.00643
3.2830 -0.00281
3.2840 0.00081
3.2850 0.00442
3.2860 0.00803
3.2870 0.01161
3.2880 0.01518
3.2890 0.01872
3.2900 0.02222
3.2910 0.02569
3.2920 0.02912
3.2930 0.03250
3.2940 0.03583
3.2950 0.03911
3.2960 0.04232
3.2970 0.04547
3.2980 0.04855
3.2990 0.05156
3.3000 0.05448
3.3010 0.05733
3.3020 0.06009
3.3030 0.06276
3.3040 0.06534
3.3050 0.06782
3.3060 0.07020
3.3070 0.07247
3.3080 0.07464
3.3090 0.07670
3.3100 0.07865
3.3110 0.08048
3.3120 0.08220
3.3130 0.08379
3.3140 0.08527
3.3150 0.08662
3.3160 0.08784
3.3170 0.08894
3.3180 0.08990
3.3190 0.09074
3.3200 0.09145
3.3210 0.09203
3.3220 0.09247
3.3230 0.09278
3.3240 0.09296
3.3250 0.09301
3.3260 0.09292
3.3270 0.09270
3.3280 0.09235
3.3290 0.09186
3.3300 0.09125
3.3310 0.09051
3.3320 0.08964
3.3330 0.08864
3.3340 0.08752
3.3350 0.08627
3.3360 0.08490
3.3370 0.08342
3.3380 0.08181
3.3390 0.08009
3.3400 0.07826
3.3410 0.07633
3.3420 0.07428
3.3430 0.07213
3.3440 0.06988
3.3450 0.06754
3.3460 0.06510
3.3470 0.06257
3.3480 0.05996
3.3490 0.05727
3.3500 0.05449
3.3510 0.05165
3.3520 0.04873
3.3530 0.04575
3.3540 0.04271
3.3550 0.03961
3.3560 0.03645
3.3570 0.03326
3.3580 0.03001
3.3590 0.02673
3.3600 0.02342
3.3610 0.02008
3.3620 0.01671
3.3630 0.01333
3.3640 0.00993
3.3650 0.00652
3.3660 0.00311
3.3670 -0.00031
3.3680 -0.00372
3.3690 -0.00711
3.3700 -0.01049
3.3710 -0.01386
3.3720 -0.01719
3.3730 -0.02050
3.3740 -0.02378
3.3750 -0.02701
3.3760 -0.03021
3.3770 -0.03335
3.3780 -0.03644
3.3790 -0.03948
3.3800 -0.04246
3.3810 -0.04537
3.3820 -0.04821
3.3830 -0.05098
3.3840 -0.05367
3.3850 -0.05628
3.3860 -0.05881
3.3870 -0.06125
3.3880 -0.06360
3.3890 -0.06586
3.3900 -0.06802
3.3910 -0.07007
3.3920 -0.07203
3.3930 -0.07388
3.3940 -0.07562
3.3950 -0.07725
3.3960 -0.07877
3.3970 -0.08017
3.3980 -0.08146
3.3990 -0.08263
3.4000 -0.08368
3.4010 -0.08461
3.4020 -0.08541
3.4030 -0.08610
3.4040 -0.08666
3.4050 -0.08709
3.4060 -0.08740
3.4070 -0.08759
3.4080 -0.08765
3.4090 -0.08758
3.4100 -0.08739
3.4110 -0.08708
3.4120 -0.08664
3.4130 -0.08607
3.4140 -0.08539
3.4150 -0.08459
3.4160 -0.08366
3.4170 -0.08262
3.4180 -0.08146
3.4190 -0.08019
3.4200 -0.07880
3.4210 -0.07730
3.4220 -0.07570
3.4230 -0.07399
3.4240 -0.07218
3.4250 -0.07026
3.4260 -0.06825
3.4270 -0.06614
3.4280 -0.06395
3.4290 -0.06166
3.4300 -0.05929
3.4310 -0.05684
3.4320 -0.05431
3.4330 -0.05170
3.4340 -0.04903
3.4350 -0.04629
3.4360 -0.04349
3.4370 -0.04063
3.4380 -0.03772
3.4390 -0.03475
3.4400 -0.03174
3.4410 -0.02869
3.4420 -0.02561
3.4430 -0.02249
3.4440 -0.01934
3.4450 -0.01617
3.4460 -0.01298
3.4470 -0.00978
3.4480 -0.00657
3.4490 -0.00336
3.4500 -0.00014
3.4510 0.00307
3.4520 0.00628
3.4530 0.00946
3.4540 0.01264
3.4550 0.01578
3.4560 0.01891
3.4570 0.02200
3.4580 0.02505
3.4590 0.02807
3.4600 0.03104
3.4610 0.03396
3.4620 0.03683
3.4630 0.03964
3.4640 0.04239
3.4650 0.04508
3.4660 0.04770
3.4670 0.05024
3.4680 0.05271
3.4690 0.05511
3.4700 0.05742
3.4710 0.05964
3.4720 0.06178
3.4730 0.06383
3.4740 0.06578
3.4750 0.06764
3.4760 0.06939
3.4770 0.07105
3.4780 0.07260
3.4790 0.07404
3.4800 0.07538
3.4810 0.07661
3.4820 0.07772
3.4830 0.07873
3.4840 0.07962
3.4850 0.08039
3.4860 0.08105
3.4870 0.08160
3.4880 0.08202
3.4890 0.08233
3.4900 0.08252
3.4910 0.08259
3.4920 0.08255
3.4930 0.08238
3.4940 0.08210
3.4950 0.08170
3.4960 0.08119
3.4970 0.08056
3.4980 0.07982
3.4990 0.07896
3.5000 0.07799
3.5010 0.07692
3.5020 0.07573
3.5030 0.07444
3.5040 0.07304
3.5050 0.07154
3.5060 0.06994
3.5070 0.06825
3.5080 0.06646
3.5090 0.06457
3.5100 0.06260
3.5110 0.06054
3.5120 0.05840
3.5130 0.05617
3.5140 0.05387
3.5150 0.05150
3.5160 0.04905
3.5170 0.04654
3.5180 0.04397
3.5190 0.04134
3.5200 0.03865
3.5210 0.03591
3.5220 0.03312
3.5230 0.03029
3.5240 0.02743
3.5250 0.02452
3.5260 0.02159
3.5270 0.01862
3.5280 0.01564
3.5290 0.01264
3.5300 0.00962
3.5310 0.00660
3.5320 0.00357
3.5330 0.00054
3.5340 -0.00249
3.5350 -0.00551
3.5360 -0.00852
3.5370 -0.01151
3.5380 -0.01448
3.5390 -0.01743
3.5400 -0.02034
3.5410 -0.02322
3.5420 -0.02607
3.5430 -0.02888
3.5440 -0.03163
3.5450 -0.03434
3.5460 -0.03700
3.5470 -0.03960
3.5480 -0.04214
3.5490 -0.04462
3.5500 -0.04703
3.5510 -0.04937
3.5520 -0.05163
3.5530 -0.05382
3.5540 -0.05593
3.5550 -0.05796
3.5560 -0.05990
3.5570 -0.06175
3.5580 -0.06351
3.5590 -0.06518
3.5600 -0.06675
3.5610 -0.06822
3.5620 -0.06960
3.5630 -0.07087
3.5640 -0.07204
3.5650 -0.07311
3.5660 -0.07407
3.5670 -0.07492
3.5680 -0.07567
3.5690 -0.07630
3.5700 -0.07683
3.5710 -0.07725
3.5720 -0.07755
3.5730 -0.07775
3.5740 -0.07783
3.5750 -0.07780
3.5760 -0.07766
3.5770 -0.07741
3.5780 -0.07705
3.5790 -0.07658
3.5800 -0.07600
3.5810 -0.07532
3.5820 -0.07452
3.5830 -0.07363
3.5840 -0.07262
3.5850 -0.07152
3.5860 -0.07032
3.5870 -0.06901
3.5880 -0.06761
3.5890 -0.06612
3.5900 -0.06453
3.5910 -0.06286
3.5920 -0.06109
3.5930 -0.05924
3.5940 -0.05731
3.5950 -0.05530
3.5960 -0.05322
3.5970 -0.05106
3.5980 -0.04883
3.5990 -0.04654
3.6000 -0.04418
3.6010 -0.04176
3.6020 -0.03929
3.6030 -0.03676
3.6040 -0.03419
3.6050 -0.03157
3.6060 -0.02891
3.6070 -0.02621
3.6080 -0.02347
3.6090 -0.02071
3.6100 -0.01792
3.6110 -0.01512
3.6120 -0.01229
3.6130 -0.00945
3.6140 -0.00660
3.6150 -0.00374
3.6160 -0.00089
3.6170 0.00197
3.6180 0.00481
3.6190 0.00765
3.6200 0.01047
3.6210 0.01327
3.6220 0.01605
3.6230 0.01880
3.6240 0.02152
3.6250 0.02421
3.6260 0.02686
3.6270 0.02947
3.6280 0.03203
3.6290 0.03454
3.6300 0.03700
3.6310 0.03940
3.6320 0.04174
3.6330 0.04402
3.6340 0.04623
3.6350 0.04838
3.6360 0.05045
3.6370 0.05244
3.6380 0.05436
3.6390 0.05620
3.6400 0.05796
3.6410 0.05963
3.6420 0.06121
3.6430 0.06271
3.6440 0.06411
3.6450 0.06542
3.6460 0.06663
3.6470 0.06775
3.6480 0.06877
3.6490 0.06968
3.6500 0.07050
3.6510 0.07122
3.6520 0.07183
3.6530 0.07234
3.6540 0.07275
3.6550 0.07305
3.6560 0.07324
3.6570 0.07334
3.6580 0.07332
3.6590 0.07321
3.6600 0.07298
3.6610 0.07266
3.6620 0.07223
3.6630 0.07170
3.6640 0.07107
3.6650 0.07033
3.6660 0.06950
3.6670 0.06857
3.6680 0.06754
3.6690 0.06642
3.6700 0.06520
3.6710 0.06390
3.6720 0.06250
3.6730 0.06102
3.6740 0.05945
3.6750 0.05780
3.6760 0.05607
3.6770 0.05426
3.6780 0.05237
3.6790 0.05042
3.6800 0.04839
3.6810 0.04630
3.6820 0.04415
3.6830 0.04193
3.6840 0.03966
3.6850 0.03734
3.6860 0.03496
3.6870 0.03254
3.6880 0.03008
3.6890 0.02758
3.6900 0.02504
3.6910 0.02247
3.6920 0.01987
3.6930 0.01724
3.6940 0.01460
3.6950 0.01194
3.6960 0.00926
3.6970 0.00658
3.6980 0.00389
3.6990 0.00120
3.7000 -0.00149
3.7010 -0.00418
3.7020 -0.00685
3.7030 -0.00951
3.7040 -0.01216
3.7050 -0.01478
3.7060 -0.01737
3.7070 -0.01994
3.7080 -0.02248
3.7090 -0.02498
3.7100 -0.02744
3.7110 -0.02986
3.7120 -0.03223
3.7130 -0.03456
3.7140 -0.03683
3.7150 -0.03904
3.7160 -0.04120
3.7170 -0.04329
3.7180 -0.04532
3.7190 -0.04728
3.7200 -0.04917
3.7210 -0.05099
3.7220 -0.05274
3.7230 -0.05440
3.7240 -0.05599
3.7250 -0.05749
3.7260 -0.05891
3.7270 -0.06024
3.7280 -0.06149
3.7290 -0.06264
3.7300 -0.06371
3.7310 -0.06468
3.7320 -0.06556
3.7330 -0.06634
3.7340 -0.06703
3.7350 -0.06762
3.7360 -0.06811
3.7370 -0.06851
3.7380 -0.06880
3.7390 -0.06900
3.7400 -0.06910
3.7410 -0.06910
3.7420 -0.06901
3.7430 -0.06881
3.7440 -0.06852
3.7450 -0.06813
3.7460 -0.06764
3.7470 -0.06705
3.7480 -0.06638
3.7490 -0.06560
3.7500 -0.06474
3.7510 -0.06378
3.7520 -0.06274
3.7530 -0.06160
3.7540 -0.06038
3.7550 -0.05908
3.7560 -0.05769
3.7570 -0.05622
3.7580 -0.05468
3.7590 -0.05306
3.7600 -0.05136
3.7610 -0.04959
3.7620 -0.04776
3.7630 -0.04586
3.7640 -0.04390
3.7650 -0.04188
3.7660 -0.03980
3.7670 -0.03766
3.7680 -0.03548
3.7690 -0.03325
3.7700 -0.03097
3.7710 -0.02866
3.7720 -0.02630
3.7730 -0.02392
3.7740 -0.02150
3.7750 -0.01905
3.7760 -0.01658
3.7770 -0.01409
3.7780 -0.01158
3.7790 -0.00906
3.7800 -0.00654
3.7810 -0.00400
3.7820 -0.00146
3.7830 0.00107
3.7840 0.00360
3.7850 0.00612
3.7860 0.00863
3.7870 0.01112
3.7880 0.01360
3.7890 0.01605
3.7900 0.01847
3.7910 0.02087
3.7920 0.02323
3.7930 0.02555
3.7940 0.02784
3.7950 0.03008
3.7960 0.03227
3.7970 0.03442
3.7980 0.03652
3.7990 0.03855
3.8000 0.04054
3.8010 0.04246
3.8020 0.04431
3.8030 0.04610
3.8040 0.04783
3.8050 0.04948
3.8060 0.05106
3.8070 0.05256
3.8080 0.05399
3.8090 0.05534
3.8100 0.05661
3.8110 0.05779
3.8120 0.05889
3.8130 0.05990
3.8140 0.06083
3.8150 0.06167
3.8160 0.06242
3.8170 0.06308
3.8180 0.06365
3.8190 0.06413
3.8200 0.06451
3.8210 0.06481
3.8220 0.06501
3.8230 0.06511
3.8240 0.06513
3.8250 0.06505
3.8260 0.06487
3.8270 0.06461
3.8280 0.06425
3.8290 0.06380
3.8300 0.06327
3.8310 0.06264
3.8320 0.06192
3.8330 0.06112
3.8340 0.06023
3.8350 0.05926
3.8360 0.05820
3.8370 0.05706
3.8380 0.05584
3.8390 0.05454
3.8400 0.05317
3.8410 0.05172
3.8420 0.05020
3.8430 0.04862
3.8440 0.04696
3.8450 0.04524
3.8460 0.04346
3.8470 0.04162
3.8480 0.03972
3.8490 0.03777
3.8500 0.03576
3.8510 0.03371
3.8520 0.03162
3.8530 0.02948
3.8540 0.02730
3.8550 0.02509
3.8560 0.02284
3.8570 0.02056
3.8580 0.01826
3.8590 0.01594
3.8600 0.01359
3.8610 0.01123
3.8620 0.00886
3.8630 0.00648
3.8640 0.00409
3.8650 0.00170
3.8660 -0.00069
3.8670 -0.00307
3.8680 -0.00545
3.8690 -0.00782
3.8700 -0.01017
3.8710 -0.01250
3.8720 -0.01482
3.8730 -0.01710
3.8740 -0.01936
3.8750 -0.02159
3.8760 -0.02379
3.8770 -0.02595
3.8780 -0.02806
3.8790 -0.03014
3.8800 -0.03217
3.8810 -0.03415
3.8820 -0.03608
3.8830 -0.03795
3.8840 -0.03977
3.8850 -0.04153
3.8860 -0.04323
3.8870 -0.04486
3.8880 -0.04642
3.8890 -0.04792
3.8900 -0.04935
3.8910 -0.05070
3.8920 -0.05198
3.8930 -0.05319
3.8940 -0.05431
3.8950 -0.05536
3.8960 -0.05633
3.8970 -0.05721
3.8980 -0.05802
3.8990 -0.05873
3.9000 -0.05937
3.9010 -0.05991
3.9020 -0.06038
3.9030 -0.06075
3.9040 -0.06104
3.9050 -0.06124
3.9060 -0.06135
3.9070 -0.06137
3.9080 -0.06131
3.9090 -0.06116
3.9100 -0.06092
3.9110 -0.06060
3.9120 -0.06019
3.9130 -0.05969
3.9140 -0.05911
3.9150 -0.05845
3.9160 -0.05770
3.9170 -0.05687
3.9180 -0.05597
3.9190 -0.05498
3.9200 -0.05392
3.9210 -0.05278
3.9220 -0.05157
3.9230 -0.05028
3.9240 -0.04893
3.9250 -0.04751
3.9260 -0.04602
3.9270 -0.04447
3.9280 -0.04285
3.9290 -0.04118
3.9300 -0.03945
3.9310 -0.03767
3.9320 -0.03584
3.9330 -0.03396
3.9340 -0.03203
3.9350 -0.03006
3.9360 -0.02805
3.9370 -0.02600
3.9380 -0.02392
3.9390 -0.02181
3.9400 -0.01967
3.9410 -0.01750
3.9420 -0.01531
3.9430 -0.01311
3.9440 -0.01088
3.9450 -0.00865
3.9460 -0.00640
3.9470 -0.00416
3.9480 -0.00190
3.9490 0.00035
3.9500 0.00260
3.9510 0.00484
3.9520 0.00707
3.9530 0.00929
3.9540 0.01149
3.9550 0.01367
3.9560 0.01583
3.9570 0.01796
3.9580 0.02007
3.9590 0.02214
3.9600 0.02418
3.9610 0.02618
3.9620 0.02814
3.9630 0.03006
3.9640 0.03193
3.9650 0.03376
3.9660 0.03553
3.9670 0.03725
3.9680 0.03892
3.9690 0.04052
3.9700 0.04207
3.9710 0.04355
3.9720 0.04497
3.9730 0.04633
3.9740 0.04761
3.9750 0.04883
3.9760 0.04997
3.9770 0.05104
3.9780 0.05204
3.9790 0.05296
3.9800 0.05381
3.9810 0.05457
3.9820 0.05526
3.9830 0.05587
3.9840 0.05640
3.9850 0.05684
3.9860 0.05721
3.9870 0.05749
3.9880 0.05769
3.9890 0.05780
3.9900 0.05784
3.9910 0.05779
3.9920 0.05766
3.9930 0.05744
3.9940 0.05715
3.9950 0.05677
3.9960 0.05632
3.9970 0.05578
3.9980 0.05517
3.9990 0.05447
4.0000 0.05370
4.0010 0.05286
4.0020 0.05194
4.0030 0.05095
4.0040 0.04988
4.0050 0.04875
4.0060 0.04755
4.0070 0.04628
4.0080 0.04495
4.0090 0.04356
4.0100 0.04210
4.0110 0.04059
4.0120 0.03902
4.0130 0.03740
4.0140 0.03573
4.0150 0.03401
4.0160 0.03224
4.0170 0.03043
4.0180 0.02858
4.0190 0.02669
4.0200 0.02476
4.0210 0.02280
4.0220 0.02082
4.0230 0.01880
4.0240 0.01676
4.0250 0.01471
4.0260 0.01263
4.0270 0.01054
4.0280 0.00843
4.0290 0.00632
4.0300 0.00420
4.0310 0.00208
4.0320 -0.00005
4.0330 -0.00217
4.0340 -0.00428
4.0350 -0.00638
4.0360 -0.00847
4.0370 -0.01055
4.0380 -0.01261
4.0390 -0.01465
4.0400 -0.01666
4.0410 -0.01865
4.0420 -0.02061
4.0430 -0.02253
4.0440 -0.02442
4.0450 -0.02628
4.0460 -0.02809
4.0470 -0.02986
4.0480 -0.03159
4.0490 -0.03326
4.0500 -0.03489
4.0510 -0.03647
4.0520 -0.03799
4.0530 -0.03945
4.0540 -0.04086
4.0550 -0.04221
4.0560 -0.04349
4.0570 -0.04471
4.0580 -0.04586
4.0590 -0.04695
4.0600 -0.04797
4.0610 -0.04892
4.0620 -0.04980
4.0630 -0.05060
4.0640 -0.05134
4.0650 -0.05199
4.0660 -0.05258
4.0670 -0.05308
4.0680 -0.05351
4.0690 -0.05387
4.0700 -0.05414
4.0710 -0.05434
4.0720 -0.05446
4.0730 -0.05450
4.0740 -0.05447
4.0750 -0.05435
4.0760 -0.05416
4.0770 -0.05390
4.0780 -0.05355
4.0790 -0.05313
4.0800 -0.05264
4.0810 -0.05207
4.0820 -0.05142
4.0830 -0.05071
4.0840 -0.04992
4.0850 -0.04906
4.0860 -0.04814
4.0870 -0.04714
4.0880 -0.04609
4.0890 -0.04496
4.0900 -0.04378
4.0910 -0.04253
4.0920 -0.04122
4.0930 -0.03986
4.0940 -0.03844
4.0950 -0.03697
4.0960 -0.03545
4.0970 -0.03388
4.0980 -0.03226
4.0990 -0.03061
4.1000 -0.02890
4.1010 -0.02716
4.1020 -0.02539
4.1030 -0.02358
4.1040 -0.02174
4.1050 -0.01987
4.1060 -0.01797
4.1070 -0.01606
4.1080 -0.01412
4.1090 -0.01216
4.1100 -0.01019
4.1110 -0.00821
4.1120 -0.00622
4.1130 -0.00422
4.1140 -0.00222
4.1150 -0.00022
4.1160 0.00177
4.1170 0.00377
4.1180 0.00575
4.1190 0.00772
4.1200 0.00968
4.1210 0.01162
4.1220 0.01355
4.1230 0.01545
4.1240 0.01733
4.1250 0.01917
4.1260 0.02099
4.1270 0.02278
4.1280 0.02453
4.1290 0.02624
4.1300 0.02792
4.1310 0.02955
4.1320 0.03114
4.1330 0.03268
4.1340 0.03417
4.1350 0.03561
4.1360 0.03700
4.1370 0.03833
4.1380 0.03961
4.1390 0.04082
4.1400 0.04198
4.1410 0.04308
4.1420 0.04411
4.1430 0.04508
4.1440 0.04598
4.1450 0.04682
4.1460 0.04759
4.1470 0.04829
4.1480 0.04892
4.1490 0.04948
4.1500 0.04996
4.1510 0.05038
4.1520 0.05072
4.1530 0.05099
4.1540 0.05119
4.1550 0.05131
4.1560 0.05136
4.1570 0.05134
4.1580 0.05124
4.1590 0.05107
4.1600 0.05083
4.1610 0.05051
4.1620 0.05013
4.1630 0.04967
4.1640 0.04914
4.1650 0.04854
4.1660 0.04788
4.1670 0.04715
4.1680 0.04635
4.1690 0.04548
4.1700 0.04456
4.1710 0.04357
4.1720 0.04251
4.1730 0.04140
4.1740 0.04024
4.1750 0.03901
4.1760 0.03774
4.1770 0.03641
4.1780 0.03503
4.1790 0.03360
4.1800 0.03213
4.1810 0.03061
4.1820 0.02905
4.1830 0.02745
4.1840 0.02582
4.1850 0.02415
4.1860 0.02245
4.1870 0.02072
4.1880 0.01896
4.1890 0.01718
4.1900 0.01537
4.1910 0.01355
4.1920 0.01171
4.1930 0.00985
4.1940 0.00799
4.1950 0.00611
4.1960 0.00423
4.1970 0.00235
4.1980 0.00046
4.1990 -0.00142
4.2000 -0.00330
4.2010 -0.00517
4.2020 -0.00703
4.2030 -0.00888
4.2040 -0.01071
4.2050 -0.01253
4.2060 -0.01432
4.2070 -0.01609
4.2080 -0.01784
4.2090 -0.01956
4.2100 -0.02124
4.2110 -0.02290
4.2120 -0.02452
4.2130 -0.02610
4.2140 -0.02764
4.2150 -0.02914
4.2160 -0.03060
4.2170 -0.03201
4.2180 -0.03338
4.2190 -0.03469
4.2200 -0.03596
4.2210 -0.03717
4.2220 -0.03832
4.2230 -0.03942
4.2240 -0.04046
4.2250 -0.04144
4.2260 -0.04236
4.2270 -0.04322
4.2280 -0.04402
4.2290 -0.04475
4.2300 -0.04542
4.2310 -0.04602
4.2320 -0.04656
4.2330 -0.04702
4.2340 -0.04743
4.2350 -0.04776
4.2360 -0.04802
4.2370 -0.04821
4.2380 -0.04834
4.2390 -0.04840
4.2400 -0.04838
4.2410 -0.04830
4.2420 -0.04815
4.2430 -0.04793
4.2440 -0.04764
4.2450 -0.04729
4.2460 -0.04687
4.2470 -0.04638
4.2480 -0.04582
4.2490 -0.04521
4.2500 -0.04452
4.2510 -0.04378
4.2520 -0.04297
4.2530 -0.04211
4.2540 -0.04118
4.2550 -0.04020
4.2560 -0.03916
4.2570 -0.03807
4.2580 -0.03692
4.2590 -0.03572
4.2600 -0.03448
4.2610 -0.03318
4.2620 -0.03185
4.2630 -0.03046
4.2640 -0.02904
4.2650 -0.02758
4.2660 -0.02607
4.2670 -0.02454
4.2680 -0.02297
4.2690 -0.02137
4.2700 -0.01974
4.2710 -0.01809
4.2720 -0.01641
4.2730 -0.01472
4.2740 -0.01300
4.2750 -0.01127
4.2760 -0.00952
4.2770 -0.00776
4.2780 -0.00600
4.2790 -0.00422
4.2800 -0.00245
4.2810 -0.00067
4.2820 0.00110
4.2830 0.00287
4.2840 0.00464
4.2850 0.00639
4.2860 0.00813
4.2870 0.00986
4.2880 0.01158
4.2890 0.01327
4.2900 0.01494
4.2910 0.01659
4.2920 0.01821
4.2930 0.01981
4.2940 0.02137
4.2950 0.02290
4.2960 0.02440
4.2970 0.02586
4.2980 0.02728
4.2990 0.02866
4.3000 0.02999
4.3010 0.03128
4.3020 0.03253
4.3030 0.03373
4.3040 0.03487
4.3050 0.03597
4.3060 0.03701
4.3070 0.03800
4.3080 0.03893
4.3090 0.03981
4.3100 0.04063
4.3110 0.04138
4.3120 0.04208
4.3130 0.04272
4.3140 0.04330
4.3150 0.04381
4.3160 0.04426
4.3170 0.04464
4.3180 0.04497
4.3190 0.04522
4.3200 0.04541
4.3210 0.04554
4.3220 0.04560
4.3230 0.04560
4.3240 0.04553
4.3250 0.04540
4.3260 0.04520
4.3270 0.04494
4.3280 0.04461
4.3290 0.04422
4.3300 0.04377
4.3310 0.04326
4.3320 0.04268
4.3330 0.04205
4.3340 0.04135
4.3350 0.04060
4.3360 0.03979
4.3370 0.03893
4.3380 0.03801
4.3390 0.03704
4.3400 0.03601
4.3410 0.03494
4.3420 0.03382
4.3430 0.03265
4.3440 0.03144
4.3450 0.03018
4.3460 0.02888
4.3470 0.02755
4.3480 0.02617
4.3490 0.02476
4.3500 0.02332
4.3510 0.02184
4.3520 0.02034
4.3530 0.01881
4.3540 0.01726
4.3550 0.01568
4.3560 0.01408
4.3570 0.01247
4.3580 0.01084
4.3590 0.00919
4.3600 0.00754
4.3610 0.00587
4.3620 0.00420
4.3630 0.00253
4.3640 0.00086
4.3650 -0.00081
4.3660 -0.00248
4.3670 -0.00415
4.3680 -0.00580
4.3690 -0.00745
4.3700 -0.00908
4.3710 -0.01069
4.3720 -0.01229
4.3730 -0.01387
4.3740 -0.01543
4.3750 -0.01696
4.3760 -0.01847
4.3770 -0.01994
4.3780 -0.02139
4.3790 -0.02281
4.3800 -0.02418
4.3810 -0.02553
4.3820 -0.02683
4.3830 -0.02810
4.3840 -0.02932
4.3850 -0.03050
4.3860 -0.03163
4.3870 -0.03272
4.3880 -0.03376
4.3890 -0.03475
4.3900 -0.03569
4.3910 -0.03657
4.3920 -0.03741
4.3930 -0.03818
4.3940 -0.03891
4.3950 -0.03957
4.3960 -0.04018
4.3970 -0.04073
4.3980 -0.04122
4.3990 -0.04165
4.4000 -0.04203
4.4010 -0.04234
4.4020 -0.04259
4.4030 -0.04278
4.4040 -0.04290
4.4050 -0.04297
4.4060 -0.04297
4.4070 -0.04292
4.4080 -0.04280
4.4090 -0.04262
4.4100 -0.04238
4.4110 -0.04208
4.4120 -0.04172
4.4130 -0.04131
4.4140 -0.04083
4.4150 -0.04030
4.4160 -0.03971
4.4170 -0.03906
4.4180 -0.03836
4.4190 -0.03760
4.4200 -0.03679
4.4210 -0.03594
4.4220 -0.03503
4.4230 -0.03407
4.4240 -0.03306
4.4250 -0.03201
4.4260 -0.03092
4.4270 -0.02978
4.4280 -0.02860
4.4290 -0.02738
4.4300 -0.02613
4.4310 -0.02484
4.4320 -0.02351
4.4330 -0.02216
4.4340 -0.02077
4.4350 -0.01936
4.4360 -0.01792
4.4370 -0.01646
4.4380 -0.01497
4.4390 -0.01347
4.4400 -0.01195
4.4410 -0.01042
4.4420 -0.00887
4.4430 -0.00731
4.4440 -0.00574
4.4450 -0.00417
4.4460 -0.00260
4.4470 -0.00102
4.4480 0.00056
4.4490 0.00213
4.4500 0.00370
4.4510 0.00526
4.4520 0.00681
4.4530 0.00835
4.4540 0.00988
4.4550 0.01138
4.4560 0.01287
4.4570 0.01434
4.4580 0.01579
4.4590 0.01721
4.4600 0.01861
4.4610 0.01998
4.4620 0.02131
4.4630 0.02262
4.4640 0.02389
4.4650 0.02512
4.4660 0.02632
4.4670 0.02748
4.4680 0.02860
4.4690 0.02967
4.4700 0.03070
4.4710 0.03169
4.4720 0.03262
4.4730 0.03351
4.4740 0.03436
4.4750 0.03515
4.4760 0.03589
4.4770 0.03658
4.4780 0.03721
4.4790 0.03779
4.4800 0.03832
4.4810 0.03879
4.4820 0.03920
4.4830 0.03956
4.4840 0.03986
4.4850 0.04010
4.4860 0.04029
4.4870 0.04042
4.4880 0.04049
4.4890 0.04050
4.4900 0.04045
4.4910 0.04035
4.4920 0.04019
4.4930 0.03997
4.4940 0.03970
4.4950 0.03937
4.4960 0.03898
4.4970 0.03854
4.4980 0.03804
4.4990 0.03749
4.5000 0.03689
4.5010 0.03624
4.5020 0.03553
4.5030 0.03478
4.5040 0.03397
4.5050 0.03312
4.5060 0.03223
4.5070 0.03129
4.5080 0.03030
4.5090 0.02928
4.5100 0.02821
4.5110 0.02710
4.5120 0.02596
4.5130 0.02478
4.5140 0.02357
4.5150 0.02233
4.5160 0.02105
4.5170 0.01975
4.5180 0.01842
4.5190 0.01707
4.5200 0.01569
4.5210 0.01430
4.5220 0.01289
4.5230 0.01145
4.5240 0.01001
4.5250 0.00855
4.5260 0.00709
4.5270 0.00561
4.5280 0.00413
4.5290 0.00265
4.5300 0.00116
4.5310 -0.00033
4.5320 -0.00181
4.5330 -0.00329
4.5340 -0.00476
4.5350 -0.00622
4.5360 -0.00768
4.5370 -0.00911
4.5380 -0.01054
4.5390 -0.01195
4.5400 -0.01333
4.5410 -0.01470
4.5420 -0.01604
4.5430 -0.01736
4.5440 -0.01866
4.5450 -0.01992
4.5460 -0.02115
4.5470 -0.02235
4.5480 -0.02352
4.5490 -0.02465
4.5500 -0.02575
4.5510 -0.02681
4.5520 -0.02783
4.5530 -0.02880
4.5540 -0.02974
4.5550 -0.03063
4.5560 -0.03147
4.5570 -0.03227
4.5580 -0.03302
4.5590 -0.03373
4.5600 -0.03438
4.5610 -0.03499
4.5620 -0.03554
4.5630 -0.03604
4.5640 -0.03649
4.5650 -0.03689
4.5660 -0.03724
4.5670 -0.03753
4.5680 -0.03776
4.5690 -0.03795
4.5700 -0.03807
4.5710 -0.03815
4.5720 -0.03817
4.5730 -0.03813
4.5740 -0.03804
4.5750 -0.03790
4.5760 -0.03770
4.5770 -0.03745
4.5780 -0.03714
4.5790 -0.03679
4.5800 -0.03638
4.5810 -0.03592
4.5820 -0.03540
4.5830 -0.03484
4.5840 -0.03423
4.5850 -0.03358
4.5860 -0.03287
4.5870 -0.03212
4.5880 -0.03132
4.5890 -0.03048
4.5900 -0.02960
4.5910 -0.02868
4.5920 -0.02772
4.5930 -0.02672
4.5940 -0.02568
4.5950 -0.02461
4.5960 -0.02350
4.5970 -0.02237
4.5980 -0.02120
4.5990 -0.02000
4.6000 -0.01878
4.6010 -0.01753
4.6020 -0.01626
4.6030 -0.01496
4.6040 -0.01365
4.6050 -0.01232
4.6060 -0.01098
4.6070 -0.00962
4.6080 -0.00824
4.6090 -0.00686
4.6100 -0.00547
4.6110 -0.00408
4.6120 -0.00268
4.6130 -0.00128
4.6140 0.00012
4.6150 0.00152
4.6160 0.00291
4.6170 0.00430
4.6180 0.00568
4.6190 0.00705
4.6200 0.00841
4.6210 0.00975
4.6220 0.01108
4.6230 0.01239
4.6240 0.01368
4.6250 0.01495
4.6260 0.01620
4.6270 0.01742
4.6280 0.01861
4.6290 0.01978
4.6300 0.02092
4.6310 0.02202
4.6320 0.02309
4.6330 0.02413
4.6340 0.02513
4.6350 0.02610
4.6360 0.02702
4.6370 0.02791
4.6380 0.02875
4.6390 0.02955
4.6400 0.03031
4.6410 0.03103
4.6420 0.03170
4.6430 0.03232
4.6440 0.03290
4.6450 0.03343
4.6460 0.03391
4.6470 0.03434
4.6480 0.03472
4.6490 0.03505
4.6500 0.03533
4.6510 0.03556
4.6520 0.03574
4.6530 0.03587
4.6540 0.03594
4.6550 0.03597
4.6560 0.03594
4.6570 0.03586
4.6580 0.03573
4.6590 0.03555
4.6600 0.03532
4.6610 0.03504
4.6620 0.03471
4.6630 0.03433
4.6640 0.03391
4.6650 0.03343
4.6660 0.03291
4.6670 0.03234
4.6680 0.03173
4.6690 0.03107
4.6700 0.03036
4.6710 0.02962
4.6720 0.02884
4.6730 0.02801
4.6740 0.02715
4.6750 0.02624
4.6760 0.02531
4.6770 0.02433
4.6780 0.02333
4.6790 0.02229
4.6800 0.02122
4.6810 0.02012
4.6820 0.01900
4.6830 0.01785
4.6840 0.01668
4.6850 0.01548
4.6860 0.01427
4.6870 0.01303
4.6880 0.01178
4.6890 0.01051
4.6900 0.00923
4.6910 0.00794
4.6920 0.00664
4.6930 0.00533
4.6940 0.00402
4.6950 0.00270
4.6960 0.00138
4.6970 0.00006
4.6980 -0.00126
4.6990 -0.00257
4.7000 -0.00388
4.7010 -0.00518
4.7020 -0.00647
4.7030 -0.00775
4.7040 -0.00902
4.7050 -0.01028
4.7060 -0.01151
4.7070 -0.01273
4.7080 -0.01393
4.7090 -0.01511
4.7100 -0.01626
4.7110 -0.01739
4.7120 -0.01849
4.7130 -0.01957
4.7140 -0.02061
4.7150 -0.02163
4.7160 -0.02261
4.7170 -0.02356
4.7180 -0.02447
4.7190 -0.02535
4.7200 -0.02619
4.7210 -0.02699
4.7220 -0.02775
4.7230 -0.02847
4.7240 -0.02915
4.7250 -0.02979
4.7260 -0.03038
4.7270 -0.03093
4.7280 -0.03143
4.7290 -0.03189
4.7300 -0.03231
4.7310 -0.03267
4.7320 -0.03299
4.7330 -0.03326
4.7340 -0.03348
4.7350 -0.03366
4.7360 -0.03378
4.7370 -0.03386
4.7380 -0.03389
4.7390 -0.03387
4.7400 -0.03381
4.7410 -0.03369
4.7420 -0.03353
4.7430 -0.03332
4.7440 -0.03306
4.7450 -0.03276
4.7460 -0.03240
4.7470 -0.03201
4.7480 -0.03157
4.7490 -0.03108
4.7500 -0.03055
4.7510 -0.02998
4.7520 -0.02936
4.7530 -0.02870
4.7540 -0.02801
4.7550 -0.02727
4.7560 -0.02650
4.7570 -0.02569
4.7580 -0.02485
4.7590 -0.02397
4.7600 -0.02305
4.7610 -0.02211
4.7620 -0.02114
4.7630 -0.02013
4.7640 -0.01910
4.7650 -0.01805
4.7660 -0.01697
4.7670 -0.01586
4.7680 -0.01474
4.7690 -0.01360
4.7700 -0.01244
4.7710 -0.01126
4.7720 -0.01007
4.7730 -0.00886
4.7740 -0.00765
4.7750 -0.00642
4.7760 -0.00519
4.7770 -0.00395
4.7780 -0.00271
4.7790 -0.00147
4.7800 -0.00022
4.7810 0.00102
4.7820 0.00226
4.7830 0.00349
4.7840 0.00472
4.7850 0.00594
4.7860 0.00715
4.7870 0.00834
4.7880 0.00953
4.7890 0.01069
4.7900 0.01185
4.7910 0.01298
4.7920 0.01409
4.7930 0.01518
4.7940 0.01625
4.7950 0.01729
4.7960 0.01831
4.7970 0.01930
4.7980 0.02026
4.7990 0.02119
4.8000 0.02208
4.8010 0.02295
4.8020 0.02378
4.8030 0.02458
4.8040 0.02534
4.8050 0.02606
4.8060 0.02674
4.8070 0.02739
4.8080 0.02799
4.8090 0.02856
4.8100 0.02908
4.8110 0.02956
4.8120 0.03000
4.8130 0.03039
4.8140 0.03074
4.8150 0.03105
4.8160 0.03131
4.8170 0.03153
4.8180 0.03170
4.8190 0.03182
4.8200 0.03190
4.8210 0.03194
4.8220 0.03193
4.8230 0.03187
4.8240 0.03177
4.8250 0.03162
4.8260 0.03143
4.8270 0.03119
4.8280 0.03091
4.8290 0.03058
4.8300 0.03021
4.8310 0.02980
4.8320 0.02935
4.8330 0.02886
4.8340 0.02832
4.8350 0.02775
4.8360 0.02713
4.8370 0.02648
4.8380 0.02580
4.8390 0.02507
4.8400 0.02431
4.8410 0.02352
4.8420 0.02270
4.8430 0.02184
4.8440 0.02096
4.8450 0.02004
4.8460 0.01910
4.8470 0.01813
4.8480 0.01714
4.8490 0.01613
4.8500 0.01509
4.8510 0.01403
4.8520 0.01296
4.8530 0.01187
4.8540 0.01076
4.8550 0.00964
4.8560 0.00850
4.8570 0.00736
4.8580 0.00621
4.8590 0.00505
4.8600 0.00388
4.8610 0.00271
4.8620 0.00154
4.8630 0.00037
4.8640 -0.00080
4.8650 -0.00197
4.8660 -0.00313
4.8670 -0.00429
4.8680 -0.00544
4.8690 -0.00658
4.8700 -0.00771
4.8710 -0.00883
4.8720 -0.00993
4.8730 -0.01102
4.8740 -0.01209
4.8750 -0.01314
4.8760 -0.01417
4.8770 -0.01518
4.8780 -0.01616
4.8790 -0.01712
4.8800 -0.01806
4.8810 -0.01897
4.8820 -0.01985
4.8830 -0.02070
4.8840 -0.02152
4.8850 -0.02231
4.8860 -0.02306
4.8870 -0.02378
4.8880 -0.02447
4.8890 -0.02512
4.8900 -0.02573
4.8910 -0.02631
4.8920 -0.02684
4.8930 -0.02734
4.8940 -0.02780
4.8950 -0.02822
4.8960 -0.02859
4.8970 -0.02893
4.8980 -0.02922
4.8990 -0.02948
4.9000 -0.02969
4.9010 -0.02985
4.9020 -0.02998
4.9030 -0.03006
4.9040 -0.03009
4.9050 -0.03009
4.9060 -0.03004
4.9070 -0.02995
4.9080 -0.02982
4.9090 -0.02964
4.9100 -0.02942
4.9110 -0.02916
4.9120 -0.02886
4.9130 -0.02852
4.9140 -0.02814
4.9150 -0.02772
4.9160 -0.02726
4.9170 -0.02676
4.9180 -0.02622
4.9190 -0.02565
4.9200 -0.02504
4.9210 -0.02440
4.9220 -0.02372
4.9230 -0.02301
4.9240 -0.02227
4.9250 -0.02149
4.9260 -0.02069
4.9270 -0.01986
4.9280 -0.01900
4.9290 -0.01812
4.9300 -0.01721
4.9310 -0.01628
4.9320 -0.01533
4.9330 -0.01435
4.9340 -0.01336
4.9350 -0.01235
4.9360 -0.01132
4.9370 -0.01028
4.9380 -0.00922
4.9390 -0.00816
4.9400 -0.00708
4.9410 -0.00599
4.9420 -0.00490
4.9430 -0.00380
4.9440 -0.00270
4.9450 -0.00160
4.9460 -0.00049
4.9470 0.00061
4.9480 0.00171
4.9490 0.00281
4.9500 0.00390
4.9510 0.00498
4.9520 0.00606
4.9530 0.00713
4.9540 0.00818
4.9550 0.00922
4.9560 0.01025
4.9570 0.01126
4.9580 0.01225
4.9590 0.01322
4.9600 0.01418
4.9610 0.01511
4.9620 0.01602
4.9630 0.01690
4.9640 0.01776
4.9650 0.01860
4.9660 0.01940
4.9670 0.02018
4.9680 0.02092
4.9690 0.02164
4.9700 0.02232
4.9710 0.02297
4.9720 0.02359
4.9730 0.02417
4.9740 0.02472
4.9750 0.02523
4.9760 0.02570
4.9770 0.02614
4.9780 0.02654
4.9790 0.02690
4.9800 0.02722
4.9810 0.02750
4.9820 0.02775
4.9830 0.02795
4.9840 0.02811
4.9850 0.02823
4.9860 0.02832
4.9870 0.02836
4.9880 0.02836
4.9890 0.02832
4.9900 0.02824
4.9910 0.02812
4.9920 0.02796
4.9930 0.02776
4.9940 0.02752
4.9950 0.02724
4.9960 0.02692
4.9970 0.02657
4.9980 0.02617
4.9990 0.02575
