0.0000 1.00000
0.0010 0.99929
0.0020 0.99857
0.0030 0.99786
0.0040 0.99714
0.0050 0.99643
0.0060 0.99571
0.0070 0.99500
0.0080 0.99429
0.0090 0.99357
0.0100 0.99286
0.0110 0.99214
0.0120 0.99143
0.0130 0.99071
0.0140 0.99000
0.0150 0.98929
0.0160 0.98857
0.0170 0.98786
0.0180 0.98714
0.0190 0.98643
0.0200 0.98571
0.0210 0.98500
0.0220 0.98429
0.0230 0.98357
0.0240 0.98286
0.0250 0.98214
0.0260 0.98143
0.0270 0.98071
0.0280 0.98000
0.0290 0.97929
0.0300 0.97857
0.0310 0.97786
0.0320 0.97714
0.0330 0.97643
0.0340 0.97571
0.0350 0.97500
0.0360 0.97429
0.0370 0.97357
0.0380 0.97286
0.0390 0.97214
0.0400 0.97143
0.0410 0.97071
0.0420 0.97000
0.0430 0.96929
0.0440 0.96857
0.0450 0.96786
0.0460 0.96714
0.0470 0.96643
0.0480 0.96571
0.0490 0.96500
0.0500 0.96429
0.0510 0.96357
0.0520 0.96286
0.0530 0.96214
0.0540 0.96143
0.0550 0.96071
0.0560 0.96000
0.0570 0.95929
0.0580 0.95857
0.0590 0.95786
0.0600 0.95714
0.0610 0.95643
0.0620 0.95571
0.0630 0.95500
0.0640 0.95429
0.0650 0.95357
0.0660 0.95286
0.0670 0.95214
0.0680 0.95143
0.0690 0.95071
0.0700 0.95000
0.0710 0.94929
0.0720 0.94857
0.0730 0.94786
0.0740 0.94714
0.0750 0.94643
0.0760 0.94571
0.0770 0.94500
0.0780 0.94429
0.0790 0.94357
0.0800 0.94286
0.0810 0.94214
0.0820 0.94143
0.0830 0.94071
0.0840 0.94000
0.0850 0.93929
0.0860 0.93857
0.0870 0.93786
0.0880 0.93714
0.0890 0.93643
0.0900 0.93571
0.0910 0.93500
0.0920 0.93429
0.0930 0.93357
0.0940 0.93286
0.0950 0.93214
0.0960 0.93143
0.0970 0.93071
0.0980 0.93000
0.0990 0.92929
0.1000 0.92857
0.1010 0.92786
0.1020 0.92714
0.1030 0.92643
0.1040 0.92571
0.1050 0.92500
0.1060 0.92429
0.1070 0.92357
0.1080 0.92286
0.1090 0.92214
0.1100 0.92143
0.1110 0.92071
0.1120 0.92000
0.1130 0.91929
0.1140 0.91857
0.1150 0.91786
0.1160 0.91714
0.1170 0.91643
0.1180 0.91571
0.1190 0.91500
0.1200 0.91429
0.1210 0.91357
0.1220 0.91286
0.1230 0.91214
0.1240 0.91143
0.1250 0.91071
0.1260 0.91000
0.1270 0.90929
0.1280 0.90857
0.1290 0.90786
0.1300 0.90714
0.1310 0.90643
0.1320 0.90571
0.1330 0.90500
0.1340 0.90429
0.1350 0.90357
0.1360 0.90286
0.1370 0.90214
0.1380 0.90143
0.1390 0.90071
0.1400 0.90000
0.1410 0.89929
0.1420 0.89857
0.1430 0.89786
0.1440 0.89714
0.1450 0.89643
0.1460 0.89571
0.1470 0.89500
0.1480 0.89429
0.1490 0.89357
0.1500 0.89286
0.1510 0.89214
0.1520 0.89143
0.1530 0.89071
0.1540 0.89000
0.1550 0.88929
0.1560 0.88857
0.1570 0.88786
0.1580 0.88714
0.1590 0.88643
0.1600 0.88571
0.1610 0.88500
0.1620 0.88429
0.1630 0.88357
0.1640 0.88286
0.1650 0.88214
0.1660 0.88143
0.1670 0.88071
0.1680 0.88000
0.1690 0.87929
0.1700 0.87857
0.1710 0.87786
0.1720 0.87714
0.1730 0.87643
0.1740 0.87571
0.1750 0.87500
0.1760 0.87429
0.1770 0.87357
0.1780 0.87286
0.1790 0.87214
0.1800 0.87143
0.1810 0.87071
0.1820 0.87000
0.1830 0.86929
0.1840 0.86857
0.1850 0.86786
0.1860 0.86714
0.1870 0.86643
0.1880 0.86571
0.1890 0.86500
0.1900 0.86429
0.1910 0.86357
0.1920 0.86286
0.1930 0.86214
0.1940 0.86143
0.1950 0.86071
0.1960 0.86000
0.1970 0.85929
0.1980 0.85857
0.1990 0.85786
0.2000 0.85714
0.2010 0.85643
0.2020 0.85571
0.2030 0.85500
0.2040 0.85429
0.2050 0.85357
0.2060 0.85286
0.2070 0.85214
0.2080 0.85143
0.2090 0.85071
0.2100 0.85000
0.2110 0.84929
0.2120 0.84857
0.2130 0.84786
0.2140 0.84714
0.2150 0.84643
0.2160 0.84571
0.2170 0.84500
0.2180 0.84429
0.2190 0.84357
0.2200 0.84286
0.2210 0.84214
0.2220 0.84143
0.2230 0.84071
0.2240 0.84000
0.2250 0.83929
0.2260 0.83857
0.2270 0.83786
0.2280 0.83714
0.2290 0.83643
0.2300 0.83571
0.2310 0.83500
0.2320 0.83429
0.2330 0.83357
0.2340 0.83286
0.2350 0.83214
0.2360 0.83143
0.2370 0.83071
0.2380 0.83000
0.2390 0.82929
0.2400 0.82857
0.2410 0.82786
0.2420 0.82714
0.2430 0.82643
0.2440 0.82571
0.2450 0.82500
0.2460 0.82429
0.2470 0.82357
0.2480 0.82286
0.2490 0.82214
0.2500 0.82143
0.2510 0.82071
0.2520 0.82000
0.2530 0.81929
0.2540 0.81857
0.2550 0.81786
0.2560 0.81714
0.2570 0.81643
0.2580 0.81571
0.2590 0.81500
0.2600 0.81429
0.2610 0.81357
0.2620 0.81286
0.2630 0.81214
0.2640 0.81143
0.2650 0.81071
0.2660 0.81000
0.2670 0.80929
0.2680 0.80857
0.2690 0.80786
0.2700 0.80714
0.2710 0.80643
0.2720 0.80571
0.2730 0.80500
0.2740 0.80429
0.2750 0.80357
0.2760 0.80286
0.2770 0.80214
0.2780 0.80143
0.2790 0.80071
0.2800 0.80000
0.2810 0.79929
0.2820 0.79857
0.2830 0.79786
0.2840 0.79714
0.2850 0.79643
0.2860 0.79571
0.2870 0.79500
0.2880 0.79429
0.2890 0.79357
0.2900 0.79286
0.2910 0.79214
0.2920 0.79143
0.2930 0.79071
0.2940 0.79000
0.2950 0.78929
0.2960 0.78857
0.2970 0.78786
0.2980 0.78714
0.2990 0.78643
0.3000 0.78571
0.3010 0.78500
0.3020 0.78429
0.3030 0.78357
0.3040 0.78286
0.3050 0.78214
0.3060 0.78143
0.3070 0.78071
0.3080 0.78000
0.3090 0.77929
0.3100 0.77857
0.3110 0.77786
0.3120 0.77714
0.3130 0.77643
0.3140 0.77571
0.3150 0.77500
0.3160 0.77429
0.3170 0.77357
0.3180 0.77286
0.3190 0.77214
0.3200 0.77143
0.3210 0.77071
0.3220 0.77000
0.3230 0.76929
0.3240 0.76857
0.3250 0.76786
0.3260 0.76714
0.3270 0.76643
0.3280 0.76571
0.3290 0.76500
0.3300 0.76429
0.3310 0.76357
0.3320 0.76286
0.3330 0.76214
0.3340 0.76143
0.3350 0.76071
0.3360 0.76000
0.3370 0.75929
0.3380 0.75857
0.3390 0.75786
0.3400 0.75714
0.3410 0.75643
0.3420 0.75571
0.3430 0.75500
0.3440 0.75429
0.3450 0.75357
0.3460 0.75286
0.3470 0.75214
0.3480 0.75143
0.3490 0.75071
0.3500 0.75000
0.3510 0.74929
0.3520 0.74857
0.3530 0.74786
0.3540 0.74714
0.3550 0.74643
0.3560 0.74571
0.3570 0.74500
0.3580 0.74429
0.3590 0.74357
0.3600 0.74286
0.3610 0.74214
0.3620 0.74143
0.3630 0.74071
0.3640 0.74000
0.3650 0.73929
0.3660 0.73857
0.3670 0.73786
0.3680 0.73714
0.3690 0.73643
0.3700 0.73571
0.3710 0.73500
0.3720 0.73429
0.3730 0.73357
0.3740 0.73286
0.3750 0.73214
0.3760 0.73143
0.3770 0.73071
0.3780 0.73000
0.3790 0.72929
0.3800 0.72857
0.3810 0.72786
0.3820 0.72714
0.3830 0.72643
0.3840 0.72571
0.3850 0.72500
0.3860 0.72429
0.3870 0.72357
0.3880 0.72286
0.3890 0.72214
0.3900 0.72143
0.3910 0.72071
0.3920 0.72000
0.3930 0.71929
0.3940 0.71857
0.3950 0.71786
0.3960 0.71714
0.3970 0.71643
0.3980 0.71571
0.3990 0.71500
0.4000 0.71429
0.4010 0.71357
0.4020 0.71286
0.4030 0.71214
0.4040 0.71143
0.4050 0.71071
0.4060 0.71000
0.4070 0.70929
0.4080 0.70857
0.4090 0.70786
0.4100 0.70714
0.4110 0.70643
0.4120 0.70571
0.4130 0.70500
0.4140 0.70429
0.4150 0.70357
0.4160 0.70286
0.4170 0.70214
0.4180 0.70143
0.4190 0.70071
0.4200 0.70000
0.4210 0.69929
0.4220 0.69857
0.4230 0.69786
0.4240 0.69714
0.4250 0.69643
0.4260 0.69571
0.4270 0.69500
0.4280 0.69429
0.4290 0.69357
0.4300 0.69286
0.4310 0.69214
0.4320 0.69143
0.4330 0.69071
0.4340 0.69000
0.4350 0.68929
0.4360 0.68857
0.4370 0.68786
0.4380 0.68714
0.4390 0.68643
0.4400 0.68571
0.4410 0.68500
0.4420 0.68429
0.4430 0.68357
0.4440 0.68286
0.4450 0.68214
0.4460 0.68143
0.4470 0.68071
0.4480 0.68000
0.4490 0.67929
0.4500 0.67857
0.4510 0.67786
0.4520 0.67714
0.4530 0.67643
0.4540 0.67571
0.4550 0.67500
0.4560 0.67429
0.4570 0.67357
0.4580 0.67286
0.4590 0.67214
0.4600 0.67143
0.4610 0.67071
0.4620 0.67000
0.4630 0.66929
0.4640 0.66857
0.4650 0.66786
0.4660 0.66714
0.4670 0.66643
0.4680 0.66571
0.4690 0.66500
0.4700 0.66429
0.4710 0.66357
0.4720 0.66286
0.4730 0.66214
0.4740 0.66143
0.4750 0.66071
0.4760 0.66000
0.4770 0.65929
0.4780 0.65857
0.4790 0.65786
0.4800 0.65714
0.4810 0.65643
0.4820 0.65571
0.4830 0.65500
0.4840 0.65429
0.4850 0.65357
0.4860 0.65286
0.4870 0.65214
0.4880 0.65143
0.4890 0.65071
0.4900 0.65000
0.4910 0.64929
0.4920 0.64857
0.4930 0.64786
0.4940 0.64714
0.4950 0.64643
0.4960 0.64571
0.4970 0.64500
0.4980 0.64429
0.4990 0.64357
0.5000 0.64286
0.5010 0.64214
0.5020 0.64143
0.5030 0.64071
0.5040 0.64000
0.5050 0.63929
0.5060 0.63857
0.5070 0.63786
0.5080 0.63714
0.5090 0.63643
0.5100 0.63571
0.5110 0.63500
0.5120 0.63429
0.5130 0.63357
0.5140 0.63286
0.5150 0.63214
0.5160 0.63143
0.5170 0.63071
0.5180 0.63000
0.5190 0.62929
0.5200 0.62857
0.5210 0.62786
0.5220 0.62714
0.5230 0.62643
0.5240 0.62571
0.5250 0.62500
0.5260 0.62429
0.5270 0.62357
0.5280 0.62286
0.5290 0.62214
0.5300 0.62143
0.5310 0.62071
0.5320 0.62000
0.5330 0.61929
0.5340 0.61857
0.5350 0.61786
0.5360 0.61714
0.5370 0.61643
0.5380 0.61571
0.5390 0.61500
0.5400 0.61429
0.5410 0.61357
0.5420 0.61286
0.5430 0.61214
0.5440 0.61143
0.5450 0.61071
0.5460 0.61000
0.5470 0.60929
0.5480 0.60857
0.5490 0.60786
0.5500 0.60714
0.5510 0.60643
0.5520 0.60571
0.5530 0.60500
0.5540 0.60429
0.5550 0.60357
0.5560 0.60286
0.5570 0.60214
0.5580 0.60143
0.5590 0.60071
0.5600 0.60000
0.5610 0.59929
0.5620 0.59857
0.5630 0.59786
0.5640 0.59714
0.5650 0.59643
0.5660 0.59571
0.5670 0.59500
0.5680 0.59429
0.5690 0.59357
0.5700 0.59286
0.5710 0.59214
0.5720 0.59143
0.5730 0.59071
0.5740 0.59000
0.5750 0.58929
0.5760 0.58857
0.5770 0.58786
0.5780 0.58714
0.5790 0.58643
0.5800 0.58571
0.5810 0.58500
0.5820 0.58429
0.5830 0.58357
0.5840 0.58286
0.5850 0.58214
0.5860 0.58143
0.5870 0.58071
0.5880 0.58000
0.5890 0.57929
0.5900 0.57857
0.5910 0.57786
0.5920 0.57714
0.5930 0.57643
0.5940 0.57571
0.5950 0.57500
0.5960 0.57429
0.5970 0.57357
0.5980 0.57286
0.5990 0.57214
0.6000 0.57143
0.6010 0.57071
0.6020 0.57000
0.6030 0.56929
0.6040 0.56857
0.6050 0.56786
0.6060 0.56714
0.6070 0.56643
0.6080 0.56571
0.6090 0.56500
0.6100 0.56429
0.6110 0.56357
0.6120 0.56286
0.6130 0.56214
0.6140 0.56143
0.6150 0.56071
0.6160 0.56000
0.6170 0.55929
0.6180 0.55857
0.6190 0.55786
0.6200 0.55714
0.6210 0.55643
0.6220 0.55571
0.6230 0.55500
0.6240 0.55429
0.6250 0.55357
0.6260 0.55286
0.6270 0.55214
0.6280 0.55143
0.6290 0.55071
0.6300 0.55000
0.6310 0.54929
0.6320 0.54857
0.6330 0.54786
0.6340 0.54714
0.6350 0.54643
0.6360 0.54571
0.6370 0.54500
0.6380 0.54429
0.6390 0.54357
0.6400 0.54286
0.6410 0.54214
0.6420 0.54143
0.6430 0.54071
0.6440 0.54000
0.6450 0.53929
0.6460 0.53857
0.6470 0.53786
0.6480 0.53714
0.6490 0.53643
0.6500 0.53571
0.6510 0.53500
0.6520 0.53429
0.6530 0.53357
0.6540 0.53286
0.6550 0.53214
0.6560 0.53143
0.6570 0.53071
0.6580 0.53000
0.6590 0.52929
0.6600 0.52857
0.6610 0.52786
0.6620 0.52714
0.6630 0.52643
0.6640 0.52571
0.6650 0.52500
0.6660 0.52429
0.6670 0.52357
0.6680 0.52286
0.6690 0.52214
0.6700 0.52143
0.6710 0.52071
0.6720 0.52000
0.6730 0.51929
0.6740 0.51857
0.6750 0.51786
0.6760 0.51714
0.6770 0.51643
0.6780 0.51571
0.6790 0.51500
0.6800 0.51429
0.6810 0.51357
0.6820 0.51286
0.6830 0.51214
0.6840 0.51143
0.6850 0.51071
0.6860 0.51000
0.6870 0.50929
0.6880 0.50857
0.6890 0.50786
0.6900 0.50714
0.6910 0.50643
0.6920 0.50571
0.6930 0.50500
0.6940 0.50429
0.6950 0.50357
0.6960 0.50286
0.6970 0.50214
0.6980 0.50143
0.6990 0.50071
0.7000 0.50000
0.7010 0.49929
0.7020 0.49857
0.7030 0.49786
0.7040 0.49714
0.7050 0.49643
0.7060 0.49571
0.7070 0.49500
0.7080 0.49429
0.7090 0.49357
0.7100 0.49286
0.7110 0.49214
0.7120 0.49143
0.7130 0.49071
0.7140 0.49000
0.7150 0.48929
0.7160 0.48857
0.7170 0.48786
0.7180 0.48714
0.7190 0.48643
0.7200 0.48571
0.7210 0.48500
0.7220 0.48429
0.7230 0.48357
0.7240 0.48286
0.7250 0.48214
0.7260 0.48143
0.7270 0.48071
0.7280 0.48000
0.7290 0.47929
0.7300 0.47857
0.7310 0.47786
0.7320 0.47714
0.7330 0.47643
0.7340 0.47571
0.7350 0.47500
0.7360 0.47429
0.7370 0.47357
0.7380 0.47286
0.7390 0.47214
0.7400 0.47143
0.7410 0.47071
0.7420 0.47000
0.7430 0.46929
0.7440 0.46857
0.7450 0.46786
0.7460 0.46714
0.7470 0.46643
0.7480 0.46571
0.7490 0.46500
0.7500 0.46429
0.7510 0.46357
0.7520 0.46286
0.7530 0.46214
0.7540 0.46143
0.7550 0.46071
0.7560 0.46000
0.7570 0.45929
0.7580 0.45857
0.7590 0.45786
0.7600 0.45714
0.7610 0.45643
0.7620 0.45571
0.7630 0.45500
0.7640 0.45429
0.7650 0.45357
0.7660 0.45286
0.7670 0.45214
0.7680 0.45143
0.7690 0.45071
0.7700 0.45000
0.7710 0.44929
0.7720 0.44857
0.7730 0.44786
0.7740 0.44714
0.7750 0.44643
0.7760 0.44571
0.7770 0.44500
0.7780 0.44429
0.7790 0.44357
0.7800 0.44286
0.7810 0.44214
0.7820 0.44143
0.7830 0.44071
0.7840 0.44000
0.7850 0.43929
0.7860 0.43857
0.7870 0.43786
0.7880 0.43714
0.7890 0.43643
0.7900 0.43571
0.7910 0.43500
0.7920 0.43429
0.7930 0.43357
0.7940 0.43286
0.7950 0.43214
0.7960 0.43143
0.7970 0.43071
0.7980 0.43000
0.7990 0.42929
0.8000 0.42857
0.8010 0.42786
0.8020 0.42714
0.8030 0.42643
0.8040 0.42571
0.8050 0.42500
0.8060 0.42429
0.8070 0.42357
0.8080 0.42286
0.8090 0.42214
0.8100 0.42143
0.8110 0.42071
0.8120 0.42000
0.8130 0.41929
0.8140 0.41857
0.8150 0.41786
0.8160 0.41714
0.8170 0.41643
0.8180 0.41571
0.8190 0.41500
0.8200 0.41429
0.8210 0.41357
0.8220 0.41286
0.8230 0.41214
0.8240 0.41143
0.8250 0.41071
0.8260 0.41000
0.8270 0.40929
0.8280 0.40857
0.8290 0.40786
0.8300 0.40714
0.8310 0.40643
0.8320 0.40571
0.8330 0.40500
0.8340 0.40429
0.8350 0.40357
0.8360 0.40286
0.8370 0.40214
0.8380 0.40143
0.8390 0.40071
0.8400 0.40000
0.8410 0.39929
0.8420 0.39857
0.8430 0.39786
0.8440 0.39714
0.8450 0.39643
0.8460 0.39571
0.8470 0.39500
0.8480 0.39429
0.8490 0.39357
0.8500 0.39286
0.8510 0.39214
0.8520 0.39143
0.8530 0.39071
0.8540 0.39000
0.8550 0.38929
0.8560 0.38857
0.8570 0.38786
0.8580 0.38714
0.8590 0.38643
0.8600 0.38571
0.8610 0.38500
0.8620 0.38429
0.8630 0.38357
0.8640 0.38286
0.8650 0.38214
0.8660 0.38143
0.8670 0.38071
0.8680 0.38000
0.8690 0.37929
0.8700 0.37857
0.8710 0.37786
0.8720 0.37714
0.8730 0.37643
0.8740 0.37571
0.8750 0.37500
0.8760 0.37429
0.8770 0.37357
0.8780 0.37286
0.8790 0.37214
0.8800 0.37143
0.8810 0.37071
0.8820 0.37000
0.8830 0.36929
0.8840 0.36857
0.8850 0.36786
0.8860 0.36714
0.8870 0.36643
0.8880 0.36571
0.8890 0.36500
0.8900 0.36429
0.8910 0.36357
0.8920 0.36286
0.8930 0.36214
0.8940 0.36143
0.8950 0.36071
0.8960 0.36000
0.8970 0.35929
0.8980 0.35857
0.8990 0.35786
0.9000 0.35714
0.9010 0.35643
0.9020 0.35571
0.9030 0.35500
0.9040 0.35429
0.9050 0.35357
0.9060 0.35286
0.9070 0.35214
0.9080 0.35143
0.9090 0.35071
0.9100 0.35000
0.9110 0.34929
0.9120 0.34857
0.9130 0.34786
0.9140 0.34714
0.9150 0.34643
0.9160 0.34571
0.9170 0.34500
0.9180 0.34429
0.9190 0.34357
0.9200 0.34286
0.9210 0.34214
0.9220 0.34143
0.9230 0.34071
0.9240 0.34000
0.9250 0.33929
0.9260 0.33857
0.9270 0.33786
0.9280 0.33714
0.9290 0.33643
0.9300 0.33571
0.9310 0.33500
0.9320 0.33429
0.9330 0.33357
0.9340 0.33286
0.9350 0.33214
0.9360 0.33143
0.9370 0.33071
0.9380 0.33000
0.9390 0.32929
0.9400 0.32857
0.9410 0.32786
0.9420 0.32714
0.9430 0.32643
0.9440 0.32571
0.9450 0.32500
0.9460 0.32429
0.9470 0.32357
0.9480 0.32286
0.9490 0.32214
0.9500 0.32143
0.9510 0.32071
0.9520 0.32000
0.9530 0.31929
0.9540 0.31857
0.9550 0.31786
0.9560 0.31714
0.9570 0.31643
0.9580 0.31571
0.9590 0.31500
0.9600 0.31429
0.9610 0.31357
0.9620 0.31286
0.9630 0.31214
0.9640 0.31143
0.9650 0.31071
0.9660 0.31000
0.9670 0.30929
0.9680 0.30857
0.9690 0.30786
0.9700 0.30714
0.9710 0.30643
0.9720 0.30571
0.9730 0.30500
0.9740 0.30429
0.9750 0.30357
0.9760 0.30286
0.9770 0.30214
0.9780 0.30143
0.9790 0.30071
0.9800 0.30000
0.9810 0.29929
0.9820 0.29857
0.9830 0.29786
0.9840 0.29714
0.9850 0.29643
0.9860 0.29571
0.9870 0.29500
0.9880 0.29429
0.9890 0.29357
0.9900 0.29286
0.9910 0.29214
0.9920 0.29143
0.9930 0.29071
0.9940 0.29000
0.9950 0.28929
0.9960 0.28857
0.9970 0.28786
0.9980 0.28714
0.9990 0.28643
1.0000 0.28571
1.0010 0.28500
1.0020 0.28429
1.0030 0.28357
1.0040 0.28286
1.0050 0.28214
1.0060 0.28143
1.0070 0.28071
1.0080 0.28000
1.0090 0.27929
1.0100 0.27857
1.0110 0.27786
1.0120 0.27714
1.0130 0.27643
1.0140 0.27571
1.0150 0.27500
1.0160 0.27429
1.0170 0.27357
1.0180 0.27286
1.0190 0.27214
1.0200 0.27143
1.0210 0.27071
1.0220 0.27000
1.0230 0.26929
1.0240 0.26857
1.0250 0.26786
1.0260 0.26714
1.0270 0.26643
1.0280 0.26571
1.0290 0.26500
1.0300 0.26429
1.0310 0.26357
1.0320 0.26286
1.0330 0.26214
1.0340 0.26143
1.0350 0.26071
1.0360 0.26000
1.0370 0.25929
1.0380 0.25857
1.0390 0.25786
1.0400 0.25714
1.0410 0.25643
1.0420 0.25571
1.0430 0.25500
1.0440 0.25429
1.0450 0.25357
1.0460 0.25286
1.0470 0.25214
1.0480 0.25143
1.0490 0.25071
1.0500 0.25000
1.0510 0.24929
1.0520 0.24857
1.0530 0.24786
1.0540 0.24714
1.0550 0.24643
1.0560 0.24571
1.0570 0.24500
1.0580 0.24429
1.0590 0.24357
1.0600 0.24286
1.0610 0.24214
1.0620 0.24143
1.0630 0.24071
1.0640 0.24000
1.0650 0.23929
1.0660 0.23857
1.0670 0.23786
1.0680 0.23714
1.0690 0.23643
1.0700 0.23571
1.0710 0.23500
1.0720 0.23429
1.0730 0.23357
1.0740 0.23286
1.0750 0.23214
1.0760 0.23143
1.0770 0.23071
1.0780 0.23000
1.0790 0.22929
1.0800 0.22857
1.0810 0.22786
1.0820 0.22714
1.0830 0.22643
1.0840 0.22571
1.0850 0.22500
1.0860 0.22429
1.0870 0.22357
1.0880 0.22286
1.0890 0.22214
1.0900 0.22143
1.0910 0.22071
1.0920 0.22000
1.0930 0.21929
1.0940 0.21857
1.0950 0.21786
1.0960 0.21714
1.0970 0.21643
1.0980 0.21571
1.0990 0.21500
1.1000 0.21429
1.1010 0.21357
1.1020 0.21286
1.1030 0.21214
1.1040 0.21143
1.1050 0.21071
1.1060 0.21000
1.1070 0.20929
1.1080 0.20857
1.1090 0.20786
1.1100 0.20714
1.1110 0.20643
1.1120 0.20571
1.1130 0.20500
1.1140 0.20429
1.1150 0.20357
1.1160 0.20286
1.1170 0.20214
1.1180 0.20143
1.1190 0.20071
1.1200 0.20000
1.1210 0.19929
1.1220 0.19857
1.1230 0.19786
1.1240 0.19714
1.1250 0.19643
1.1260 0.19571
1.1270 0.19500
1.1280 0.19429
1.1290 0.19357
1.1300 0.19286
1.1310 0.19214
1.1320 0.19143
1.1330 0.19071
1.1340 0.19000
1.1350 0.18929
1.1360 0.18857
1.1370 0.18786
1.1380 0.18714
1.1390 0.18643
1.1400 0.18571
1.1410 0.18500
1.1420 0.18429
1.1430 0.18357
1.1440 0.18286
1.1450 0.18214
1.1460 0.18143
1.1470 0.18071
1.1480 0.18000
1.1490 0.17929
1.1500 0.17857
1.1510 0.17786
1.1520 0.17714
1.1530 0.17643
1.1540 0.17571
1.1550 0.17500
1.1560 0.17429
1.1570 0.17357
1.1580 0.17286
1.1590 0.17214
1.1600 0.17143
1.1610 0.17071
1.1620 0.17000
1.1630 0.16929
1.1640 0.16857
1.1650 0.16786
1.1660 0.16714
1.1670 0.16643
1.1680 0.16571
1.1690 0.16500
1.1700 0.16429
1.1710 0.16357
1.1720 0.16286
1.1730 0.16214
1.1740 0.16143
1.1750 0.16071
1.1760 0.16000
1.1770 0.15929
1.1780 0.15857
1.1790 0.15786
1.1800 0.15714
1.1810 0.15643
1.1820 0.15571
1.1830 0.15500
1.1840 0.15429
1.1850 0.15357
1.1860 0.15286
1.1870 0.15214
1.1880 0.15143
1.1890 0.15071
1.1900 0.15000
1.1910 0.14929
1.1920 0.14857
1.1930 0.14786
1.1940 0.14714
1.1950 0.14643
1.1960 0.14571
1.1970 0.14500
1.1980 0.14429
1.1990 0.14357
1.2000 0.14286
1.2010 0.14214
1.2020 0.14143
1.2030 0.14071
1.2040 0.14000
1.2050 0.13929
1.2060 0.13857
1.2070 0.13786
1.2080 0.13714
1.2090 0.13643
1.2100 0.13571
1.2110 0.13500
1.2120 0.13429
1.2130 0.13357
1.2140 0.13286
1.2150 0.13214
1.2160 0.13143
1.2170 0.13071
1.2180 0.13000
1.2190 0.12929
1.2200 0.12857
1.2210 0.12786
1.2220 0.12714
1.2230 0.12643
1.2240 0.12571
1.2250 0.12500
1.2260 0.12429
1.2270 0.12357
1.2280 0.12286
1.2290 0.12214
1.2300 0.12143
1.2310 0.12071
1.2320 0.12000
1.2330 0.11929
1.2340 0.11857
1.2350 0.11786
1.2360 0.11714
1.2370 0.11643
1.2380 0.11571
1.2390 0.11500
1.2400 0.11429
1.2410 0.11357
1.2420 0.11286
1.2430 0.11214
1.2440 0.11143
1.2450 0.11071
1.2460 0.11000
1.2470 0.10929
1.2480 0.10857
1.2490 0.10786
1.2500 0.10714
1.2510 0.10643
1.2520 0.10571
1.2530 0.10500
1.2540 0.10429
1.2550 0.10357
1.2560 0.10286
1.2570 0.10214
1.2580 0.10143
1.2590 0.10071
1.2600 0.10000
1.2610 0.09929
1.2620 0.09857
1.2630 0.09786
1.2640 0.09714
1.2650 0.09643
1.2660 0.09571
1.2670 0.09500
1.2680 0.09429
1.2690 0.09357
1.2700 0.09286
1.2710 0.09214
1.2720 0.09143
1.2730 0.09071
1.2740 0.09000
1.2750 0.08929
1.2760 0.08857
1.2770 0.08786
1.2780 0.08714
1.2790 0.08643
1.2800 0.08571
1.2810 0.08500
1.2820 0.08429
1.2830 0.08357
1.2840 0.08286
1.2850 0.08214
1.2860 0.08143
1.2870 0.08071
1.2880 0.08000
1.2890 0.07929
1.2900 0.07857
1.2910 0.07786
1.2920 0.07714
1.2930 0.07643
1.2940 0.07571
1.2950 0.07500
1.2960 0.07429
1.2970 0.07357
1.2980 0.07286
1.2990 0.07214
1.3000 0.07143
1.3010 0.07071
1.3020 0.07000
1.3030 0.06929
1.3040 0.06857
1.3050 0.06786
1.3060 0.06714
1.3070 0.06643
1.3080 0.06571
1.3090 0.06500
1.3100 0.06429
1.3110 0.06357
1.3120 0.06286
1.3130 0.06214
1.3140 0.06143
1.3150 0.06071
1.3160 0.06000
1.3170 0.05929
1.3180 0.05857
1.3190 0.05786
1.3200 0.05714
1.3210 0.05643
1.3220 0.05571
1.3230 0.05500
1.3240 0.05429
1.3250 0.05357
1.3260 0.05286
1.3270 0.05214
1.3280 0.05143
1.3290 0.05071
1.3300 0.05000
1.3310 0.04929
1.3320 0.04857
1.3330 0.04786
1.3340 0.04714
1.3350 0.04643
1.3360 0.04571
1.3370 0.04500
1.3380 0.04429
1.3390 0.04357
1.3400 0.04286
1.3410 0.04214
1.3420 0.04143
1.3430 0.04071
1.3440 0.04000
1.3450 0.03929
1.3460 0.03857
1.3470 0.03786
1.3480 0.03714
1.3490 0.03643
1.3500 0.03571
1.3510 0.03500
1.3520 0.03429
1.3530 0.03357
1.3540 0.03286
1.3550 0.03214
1.3560 0.03143
1.3570 0.03071
1.3580 0.03000
1.3590 0.02929
1.3600 0.02857
1.3610 0.02786
1.3620 0.02714
1.3630 0.02643
1.3640 0.02571
1.3650 0.02500
1.3660 0.02429
1.3670 0.02357
1.3680 0.02286
1.3690 0.02214
1.3700 0.02143
1.3710 0.02071
1.3720 0.02000
1.3730 0.01929
1.3740 0.01857
1.3750 0.01786
1.3760 0.01714
1.3770 0.01643
1.3780 0.01571
1.3790 0.01500
1.3800 0.01429
1.3810 0.01357
1.3820 0.01286
1.3830 0.01214
1.3840 0.01143
1.3850 0.01071
1.3860 0.01000
1.3870 0.00929
1.3880 0.00857
1.3890 0.00786
1.3900 0.00714
1.3910 0.00643
1.3920 0.00571
1.3930 0.00500
1.3940 0.00429
1.3950 0.00357
1.3960 0.00286
1.3970 0.00214
1.3980 0.00143
1.3990 0.00071
1.4000 0.00000
1.4010 -0.00071
1.4020 -0.00143
1.4030 -0.00214
1.4040 -0.00286
1.4050 -0.00357
1.4060 -0.00429
1.4070 -0.00500
1.4080 -0.00571
1.4090 -0.00643
1.4100 -0.00714
1.4110 -0.00786
1.4120 -0.00857
1.4130 -0.00929
1.4140 -0.01000
1.4150 -0.01071
1.4160 -0.01143
1.4170 -0.01214
1.4180 -0.01286
1.4190 -0.01357
1.4200 -0.01429
1.4210 -0.01500
1.4220 -0.01571
1.4230 -0.01643
1.4240 -0.01714
1.4250 -0.01786
1.4260 -0.01857
1.4270 -0.01929
1.4280 -0.02000
1.4290 -0.02071
1.4300 -0.02143
1.4310 -0.02214
1.4320 -0.02286
1.4330 -0.02357
1.4340 -0.02429
1.4350 -0.02500
1.4360 -0.02571
1.4370 -0.02643
1.4380 -0.02714
1.4390 -0.02786
1.4400 -0.02857
1.4410 -0.02929
1.4420 -0.03000
1.4430 -0.03071
1.4440 -0.03143
1.4450 -0.03214
1.4460 -0.03286
1.4470 -0.03357
1.4480 -0.03429
1.4490 -0.03500
1.4500 -0.03571
1.4510 -0.03643
1.4520 -0.03714
1.4530 -0.03786
1.4540 -0.03857
1.4550 -0.03929
1.4560 -0.04000
1.4570 -0.04071
1.4580 -0.04143
1.4590 -0.04214
1.4600 -0.04286
1.4610 -0.04357
1.4620 -0.04429
1.4630 -0.04500
1.4640 -0.04571
1.4650 -0.04643
1.4660 -0.04714
1.4670 -0.04786
1.4680 -0.04857
1.4690 -0.04929
1.4700 -0.05000
1.4710 -0.05071
1.4720 -0.05143
1.4730 -0.05214
1.4740 -0.05286
1.4750 -0.05357
1.4760 -0.05429
1.4770 -0.05500
1.4780 -0.05571
1.4790 -0.05643
1.4800 -0.05714
1.4810 -0.05786
1.4820 -0.05857
1.4830 -0.05929
1.4840 -0.06000
1.4850 -0.06071
1.4860 -0.06143
1.4870 -0.06214
1.4880 -0.06286
1.4890 -0.06357
1.4900 -0.06429
1.4910 -0.06500
1.4920 -0.06571
1.4930 -0.06643
1.4940 -0.06714
1.4950 -0.06786
1.4960 -0.06857
1.4970 -0.06929
1.4980 -0.07000
1.4990 -0.07071
1.5000 -0.07143
1.5010 -0.07214
1.5020 -0.07286
1.5030 -0.07357
1.5040 -0.07429
1.5050 -0.07500
1.5060 -0.07571
1.5070 -0.07643
1.5080 -0.07714
1.5090 -0.07786
1.5100 -0.07857
1.5110 -0.07929
1.5120 -0.08000
1.5130 -0.08071
1.5140 -0.08143
1.5150 -0.08214
1.5160 -0.08286
1.5170 -0.08357
1.5180 -0.08429
1.5190 -0.08500
1.5200 -0.08571
1.5210 -0.08643
1.5220 -0.08714
1.5230 -0.08786
1.5240 -0.08857
1.5250 -0.08929
1.5260 -0.09000
1.5270 -0.09071
1.5280 -0.09143
1.5290 -0.09214
1.5300 -0.09286
1.5310 -0.09357
1.5320 -0.09429
1.5330 -0.09500
1.5340 -0.09571
1.5350 -0.09643
1.5360 -0.09714
1.5370 -0.09786
1.5380 -0.09857
1.5390 -0.09929
1.5400 -0.10000
1.5410 -0.10071
1.5420 -0.10143
1.5430 -0.10214
1.5440 -0.10286
1.5450 -0.10357
1.5460 -0.10429
1.5470 -0.10500
1.5480 -0.10571
1.5490 -0.10643
1.5500 -0.10714
1.5510 -0.10786
1.5520 -0.10857
1.5530 -0.10929
1.5540 -0.11000
1.5550 -0.11071
1.5560 -0.11143
1.5570 -0.11214
1.5580 -0.11286
1.5590 -0.11357
1.5600 -0.11429
1.5610 -0.11500
1.5620 -0.11571
1.5630 -0.11643
1.5640 -0.11714
1.5650 -0.11786
1.5660 -0.11857
1.5670 -0.11929
1.5680 -0.12000
1.5690 -0.12071
1.5700 -0.12143
1.5710 -0.12214
1.5720 -0.12286
1.5730 -0.12357
1.5740 -0.12429
1.5750 -0.12500
1.5760 -0.12571
1.5770 -0.12643
1.5780 -0.12714
1.5790 -0.12786
1.5800 -0.12857
1.5810 -0.12929
1.5820 -0.13000
1.5830 -0.13071
1.5840 -0.13143
1.5850 -0.13214
1.5860 -0.13286
1.5870 -0.13357
1.5880 -0.13429
1.5890 -0.13500
1.5900 -0.13571
1.5910 -0.13643
1.5920 -0.13714
1.5930 -0.13786
1.5940 -0.13857
1.5950 -0.13929
1.5960 -0.14000
1.5970 -0.14071
1.5980 -0.14143
1.5990 -0.14214
1.6000 -0.14286
1.6010 -0.14357
1.6020 -0.14429
1.6030 -0.14500
1.6040 -0.14571
1.6050 -0.14643
1.6060 -0.14714
1.6070 -0.14786
1.6080 -0.14857
1.6090 -0.14929
1.6100 -0.15000
1.6110 -0.15071
1.6120 -0.15143
1.6130 -0.15214
1.6140 -0.15286
1.6150 -0.15357
1.6160 -0.15429
1.6170 -0.15500
1.6180 -0.15571
1.6190 -0.15643
1.6200 -0.15714
1.6210 -0.15786
1.6220 -0.15857
1.6230 -0.15929
1.6240 -0.16000
1.6250 -0.16071
1.6260 -0.16143
1.6270 -0.16214
1.6280 -0.16286
1.6290 -0.16357
1.6300 -0.16429
1.6310 -0.16500
1.6320 -0.16571
1.6330 -0.16643
1.6340 -0.16714
1.6350 -0.16786
1.6360 -0.16857
1.6370 -0.16929
1.6380 -0.17000
1.6390 -0.17071
1.6400 -0.17143
1.6410 -0.17214
1.6420 -0.17286
1.6430 -0.17357
1.6440 -0.17429
1.6450 -0.17500
1.6460 -0.17571
1.6470 -0.17643
1.6480 -0.17714
1.6490 -0.17786
1.6500 -0.17857
1.6510 -0.17929
1.6520 -0.18000
1.6530 -0.18071
1.6540 -0.18143
1.6550 -0.18214
1.6560 -0.18286
1.6570 -0.18357
1.6580 -0.18429
1.6590 -0.18500
1.6600 -0.18571
1.6610 -0.18643
1.6620 -0.18714
1.6630 -0.18786
1.6640 -0.18857
1.6650 -0.18929
1.6660 -0.19000
1.6670 -0.19071
1.6680 -0.19143
1.6690 -0.19214
1.6700 -0.19286
1.6710 -0.19357
1.6720 -0.19429
1.6730 -0.19500
1.6740 -0.19571
1.6750 -0.19643
1.6760 -0.19714
1.6770 -0.19786
1.6780 -0.19857
1.6790 -0.19929
1.6800 -0.20000
1.6810 -0.20071
1.6820 -0.20143
1.6830 -0.20214
1.6840 -0.20286
1.6850 -0.20357
1.6860 -0.20429
1.6870 -0.20500
1.6880 -0.20571
1.6890 -0.20643
1.6900 -0.20714
1.6910 -0.20786
1.6920 -0.20857
1.6930 -0.20929
1.6940 -0.21000
1.6950 -0.21071
1.6960 -0.21143
1.6970 -0.21214
1.6980 -0.21286
1.6990 -0.21357
1.7000 -0.21429
1.7010 -0.21500
1.7020 -0.21571
1.7030 -0.21643
1.7040 -0.21714
1.7050 -0.21786
1.7060 -0.21857
1.7070 -0.21929
1.7080 -0.22000
1.7090 -0.22071
1.7100 -0.22143
1.7110 -0.22214
1.7120 -0.22286
1.7130 -0.22357
1.7140 -0.22429
1.7150 -0.22500
1.7160 -0.22571
1.7170 -0.22643
1.7180 -0.22714
1.7190 -0.22786
1.7200 -0.22857
1.7210 -0.22929
1.7220 -0.23000
1.7230 -0.23071
1.7240 -0.23143
1.7250 -0.23214
1.7260 -0.23286
1.7270 -0.23357
1.7280 -0.23429
1.7290 -0.23500
1.7300 -0.23571
1.7310 -0.23643
1.7320 -0.23714
1.7330 -0.23786
1.7340 -0.23857
1.7350 -0.23929
1.7360 -0.24000
1.7370 -0.24071
1.7380 -0.24143
1.7390 -0.24214
1.7400 -0.24286
1.7410 -0.24357
1.7420 -0.24429
1.7430 -0.24500
1.7440 -0.24571
1.7450 -0.24643
1.7460 -0.24714
1.7470 -0.24786
1.7480 -0.24857
1.7490 -0.24929
1.7500 -0.25000
1.7510 -0.25071
1.7520 -0.25143
1.7530 -0.25214
1.7540 -0.25286
1.7550 -0.25357
1.7560 -0.25429
1.7570 -0.25500
1.7580 -0.25571
1.7590 -0.25643
1.7600 -0.25714
1.7610 -0.25786
1.7620 -0.25857
1.7630 -0.25929
1.7640 -0.26000
1.7650 -0.26071
1.7660 -0.26143
1.7670 -0.26214
1.7680 -0.26286
1.7690 -0.26357
1.7700 -0.26429
1.7710 -0.26500
1.7720 -0.26571
1.7730 -0.26643
1.7740 -0.26714
1.7750 -0.26786
1.7760 -0.26857
1.7770 -0.26929
1.7780 -0.27000
1.7790 -0.27071
1.7800 -0.27143
1.7810 -0.27214
1.7820 -0.27286
1.7830 -0.27357
1.7840 -0.27429
1.7850 -0.27500
1.7860 -0.27571
1.7870 -0.27643
1.7880 -0.27714
1.7890 -0.27786
1.7900 -0.27857
1.7910 -0.27929
1.7920 -0.28000
1.7930 -0.28071
1.7940 -0.28143
1.7950 -0.28214
1.7960 -0.28286
1.7970 -0.28357
1.7980 -0.28429
1.7990 -0.28500
1.8000 -0.28571
1.8010 -0.28643
1.8020 -0.28714
1.8030 -0.28786
1.8040 -0.28857
1.8050 -0.28929
1.8060 -0.29000
1.8070 -0.29071
1.8080 -0.29143
1.8090 -0.29214
1.8100 -0.29286
1.8110 -0.29357
1.8120 -0.29429
1.8130 -0.29500
1.8140 -0.29571
1.8150 -0.29643
1.8160 -0.29714
1.8170 -0.29786
1.8180 -0.29857
1.8190 -0.29929
1.8200 -0.30000
1.8210 -0.30071
1.8220 -0.30143
1.8230 -0.30214
1.8240 -0.30286
1.8250 -0.30357
1.8260 -0.30429
1.8270 -0.30500
1.8280 -0.30571
1.8290 -0.30643
1.8300 -0.30714
1.8310 -0.30786
1.8320 -0.30857
1.8330 -0.30929
1.8340 -0.31000
1.8350 -0.31071
1.8360 -0.31143
1.8370 -0.31214
1.8380 -0.31286
1.8390 -0.31357
1.8400 -0.31429
1.8410 -0.31500
1.8420 -0.31571
1.8430 -0.31643
1.8440 -0.31714
1.8450 -0.31786
1.8460 -0.31857
1.8470 -0.31929
1.8480 -0.32000
1.8490 -0.32071
1.8500 -0.32143
1.8510 -0.32214
1.8520 -0.32286
1.8530 -0.32357
1.8540 -0.32429
1.8550 -0.32500
1.8560 -0.32571
1.8570 -0.32643
1.8580 -0.32714
1.8590 -0.32786
1.8600 -0.32857
1.8610 -0.32929
1.8620 -0.33000
1.8630 -0.33071
1.8640 -0.33143
1.8650 -0.33214
1.8660 -0.33286
1.8670 -0.33357
1.8680 -0.33429
1.8690 -0.33500
1.8700 -0.33571
1.8710 -0.33643
1.8720 -0.33714
1.8730 -0.33786
1.8740 -0.33857
1.8750 -0.33929
1.8760 -0.34000
1.8770 -0.34071
1.8780 -0.34143
1.8790 -0.34214
1.8800 -0.34286
1.8810 -0.34357
1.8820 -0.34429
1.8830 -0.34500
1.8840 -0.34571
1.8850 -0.34643
1.8860 -0.34714
1.8870 -0.34786
1.8880 -0.34857
1.8890 -0.34929
1.8900 -0.35000
1.8910 -0.35071
1.8920 -0.35143
1.8930 -0.35214
1.8940 -0.35286
1.8950 -0.35357
1.8960 -0.35429
1.8970 -0.35500
1.8980 -0.35571
1.8990 -0.35643
1.9000 -0.35714
1.9010 -0.35786
1.9020 -0.35857
1.9030 -0.35929
1.9040 -0.36000
1.9050 -0.36071
1.9060 -0.36143
1.9070 -0.36214
1.9080 -0.36286
1.9090 -0.36357
1.9100 -0.36429
1.9110 -0.36500
1.9120 -0.36571
1.9130 -0.36643
1.9140 -0.36714
1.9150 -0.36786
1.9160 -0.36857
1.9170 -0.36929
1.9180 -0.37000
1.9190 -0.37071
1.9200 -0.37143
1.9210 -0.37214
1.9220 -0.37286
1.9230 -0.37357
1.9240 -0.37429
1.9250 -0.37500
1.9260 -0.37571
1.9270 -0.37643
1.9280 -0.37714
1.9290 -0.37786
1.9300 -0.37857
1.9310 -0.37929
1.9320 -0.38000
1.9330 -0.38071
1.9340 -0.38143
1.9350 -0.38214
1.9360 -0.38286
1.9370 -0.38357
1.9380 -0.38429
1.9390 -0.38500
1.9400 -0.38571
1.9410 -0.38643
1.9420 -0.38714
1.9430 -0.38786
1.9440 -0.38857
1.9450 -0.38929
1.9460 -0.39000
1.9470 -0.39071
1.9480 -0.39143
1.9490 -0.39214
1.9500 -0.39286
1.9510 -0.39357
1.9520 -0.39429
1.9530 -0.39500
1.9540 -0.39571
1.9550 -0.39643
1.9560 -0.39714
1.9570 -0.39786
1.9580 -0.39857
1.9590 -0.39929
1.9600 -0.40000
1.9610 -0.40071
1.9620 -0.40143
1.9630 -0.40214
1.9640 -0.40286
1.9650 -0.40357
1.9660 -0.40429
1.9670 -0.40500
1.9680 -0.40571
1.9690 -0.40643
1.9700 -0.40714
1.9710 -0.40786
1.9720 -0.40857
1.9730 -0.40929
1.9740 -0.41000
1.9750 -0.41071
1.9760 -0.41143
1.9770 -0.41214
1.9780 -0.41286
1.9790 -0.41357
1.9800 -0.41429
1.9810 -0.41500
1.9820 -0.41571
1.9830 -0.41643
1.9840 -0.41714
1.9850 -0.41786
1.9860 -0.41857
1.9870 -0.41929
1.9880 -0.42000
1.9890 -0.42071
1.9900 -0.42143
1.9910 -0.42214
1.9920 -0.42286
1.9930 -0.42357
1.9940 -0.42429
1.9950 -0.42500
1.9960 -0.42571
1.9970 -0.42643
1.9980 -0.42714
1.9990 -0.42786
2.0000 -0.42857
2.0010 -0.42929
2.0020 -0.43000
2.0030 -0.43071
2.0040 -0.43143
2.0050 -0.43214
2.0060 -0.43286
2.0070 -0.43357
2.0080 -0.43429
2.0090 -0.43500
2.0100 -0.43571
2.0110 -0.43643
2.0120 -0.43714
2.0130 -0.43786
2.0140 -0.43857
2.0150 -0.43929
2.0160 -0.44000
2.0170 -0.44071
2.0180 -0.44143
2.0190 -0.44214
2.0200 -0.44286
2.0210 -0.44357
2.0220 -0.44429
2.0230 -0.44500
2.0240 -0.44571
2.0250 -0.44643
2.0260 -0.44714
2.0270 -0.44786
2.0280 -0.44857
2.0290 -0.44929
2.0300 -0.45000
2.0310 -0.45071
2.0320 -0.45143
2.0330 -0.45214
2.0340 -0.45286
2.0350 -0.45357
2.0360 -0.45429
2.0370 -0.45500
2.0380 -0.45571
2.0390 -0.45643
2.0400 -0.45714
2.0410 -0.45786
2.0420 -0.45857
2.0430 -0.45929
2.0440 -0.46000
2.0450 -0.46071
2.0460 -0.46143
2.0470 -0.46214
2.0480 -0.46286
2.0490 -0.46357
2.0500 -0.46429
2.0510 -0.46500
2.0520 -0.46571
2.0530 -0.46643
2.0540 -0.46714
2.0550 -0.46786
2.0560 -0.46857
2.0570 -0.46929
2.0580 -0.47000
2.0590 -0.47071
2.0600 -0.47143
2.0610 -0.47214
2.0620 -0.47286
2.0630 -0.47357
2.0640 -0.47429
2.0650 -0.47500
2.0660 -0.47571
2.0670 -0.47643
2.0680 -0.47714
2.0690 -0.47786
2.0700 -0.47857
2.0710 -0.47929
2.0720 -0.48000
2.0730 -0.48071
2.0740 -0.48143
2.0750 -0.48214
2.0760 -0.48286
2.0770 -0.48357
2.0780 -0.48429
2.0790 -0.48500
2.0800 -0.48571
2.0810 -0.48643
2.0820 -0.48714
2.0830 -0.48786
2.0840 -0.48857
2.0850 -0.48929
2.0860 -0.49000
2.0870 -0.49071
2.0880 -0.49143
2.0890 -0.49214
2.0900 -0.49286
2.0910 -0.49357
2.0920 -0.49429
2.0930 -0.49500
2.0940 -0.49571
2.0950 -0.49643
2.0960 -0.49714
2.0970 -0.49786
2.0980 -0.49857
2.0990 -0.49929
2.1000 -0.50000
2.1010 -0.50071
2.1020 -0.50143
2.1030 -0.50214
2.1040 -0.50286
2.1050 -0.50357
2.1060 -0.50429
2.1070 -0.50500
2.1080 -0.50571
2.1090 -0.50643
2.1100 -0.50714
2.1110 -0.50786
2.1120 -0.50857
2.1130 -0.50929
2.1140 -0.51000
2.1150 -0.51071
2.1160 -0.51143
2.1170 -0.51214
2.1180 -0.51286
2.1190 -0.51357
2.1200 -0.51429
2.1210 -0.51500
2.1220 -0.51571
2.1230 -0.51643
2.1240 -0.51714
2.1250 -0.51786
2.1260 -0.51857
2.1270 -0.51929
2.1280 -0.52000
2.1290 -0.52071
2.1300 -0.52143
2.1310 -0.52214
2.1320 -0.52286
2.1330 -0.52357
2.1340 -0.52429
2.1350 -0.52500
2.1360 -0.52571
2.1370 -0.52643
2.1380 -0.52714
2.1390 -0.52786
2.1400 -0.52857
2.1410 -0.52929
2.1420 -0.53000
2.1430 -0.53071
2.1440 -0.53143
2.1450 -0.53214
2.1460 -0.53286
2.1470 -0.53357
2.1480 -0.53429
2.1490 -0.53500
2.1500 -0.53571
2.1510 -0.53643
2.1520 -0.53714
2.1530 -0.53786
2.1540 -0.53857
2.1550 -0.53929
2.1560 -0.54000
2.1570 -0.54071
2.1580 -0.54143
2.1590 -0.54214
2.1600 -0.54286
2.1610 -0.54357
2.1620 -0.54429
2.1630 -0.54500
2.1640 -0.54571
2.1650 -0.54643
2.1660 -0.54714
2.1670 -0.54786
2.1680 -0.54857
2.1690 -0.54929
2.1700 -0.55000
2.1710 -0.55071
2.1720 -0.55143
2.1730 -0.55214
2.1740 -0.55286
2.1750 -0.55357
2.1760 -0.55429
2.1770 -0.55500
2.1780 -0.55571
2.1790 -0.55643
2.1800 -0.55714
2.1810 -0.55786
2.1820 -0.55857
2.1830 -0.55929
2.1840 -0.56000
2.1850 -0.56071
2.1860 -0.56143
2.1870 -0.56214
2.1880 -0.56286
2.1890 -0.56357
2.1900 -0.56429
2.1910 -0.56500
2.1920 -0.56571
2.1930 -0.56643
2.1940 -0.56714
2.1950 -0.56786
2.1960 -0.56857
2.1970 -0.56929
2.1980 -0.57000
2.1990 -0.57071
2.2000 -0.57143
2.2010 -0.57214
2.2020 -0.57286
2.2030 -0.57357
2.2040 -0.57429
2.2050 -0.57500
2.2060 -0.57571
2.2070 -0.57643
2.2080 -0.57714
2.2090 -0.57786
2.2100 -0.57857
2.2110 -0.57929
2.2120 -0.58000
2.2130 -0.58071
2.2140 -0.58143
2.2150 -0.58214
2.2160 -0.58286
2.2170 -0.58357
2.2180 -0.58429
2.2190 -0.58500
2.2200 -0.58571
2.2210 -0.58643
2.2220 -0.58714
2.2230 -0.58786
2.2240 -0.58857
2.2250 -0.58929
2.2260 -0.59000
2.2270 -0.59071
2.2280 -0.59143
2.2290 -0.59214
2.2300 -0.59286
2.2310 -0.59357
2.2320 -0.59429
2.2330 -0.59500
2.2340 -0.59571
2.2350 -0.59643
2.2360 -0.59714
2.2370 -0.59786
2.2380 -0.59857
2.2390 -0.59929
2.2400 -0.60000
2.2410 -0.60071
2.2420 -0.60143
2.2430 -0.60214
2.2440 -0.60286
2.2450 -0.60357
2.2460 -0.60429
2.2470 -0.60500
2.2480 -0.60571
2.2490 -0.60643
2.2500 -0.60714
2.2510 -0.60786
2.2520 -0.60857
2.2530 -0.60929
2.2540 -0.61000
2.2550 -0.61071
2.2560 -0.61143
2.2570 -0.61214
2.2580 -0.61286
2.2590 -0.61357
2.2600 -0.61429
2.2610 -0.61500
2.2620 -0.61571
2.2630 -0.61643
2.2640 -0.61714
2.2650 -0.61786
2.2660 -0.61857
2.2670 -0.61929
2.2680 -0.62000
2.2690 -0.62071
2.2700 -0.62143
2.2710 -0.62214
2.2720 -0.62286
2.2730 -0.62357
2.2740 -0.62429
2.2750 -0.62500
2.2760 -0.62571
2.2770 -0.62643
2.2780 -0.62714
2.2790 -0.62786
2.2800 -0.62857
2.2810 -0.62929
2.2820 -0.63000
2.2830 -0.63071
2.2840 -0.63143
2.2850 -0.63214
2.2860 -0.63286
2.2870 -0.63357
2.2880 -0.63429
2.2890 -0.63500
2.2900 -0.63571
2.2910 -0.63643
2.2920 -0.63714
2.2930 -0.63786
2.2940 -0.63857
2.2950 -0.63929
2.2960 -0.64000
2.2970 -0.64071
2.2980 -0.64143
2.2990 -0.64214
2.3000 -0.64286
2.3010 -0.64357
2.3020 -0.64429
2.3030 -0.64500
2.3040 -0.64571
2.3050 -0.64643
2.3060 -0.64714
2.3070 -0.64786
2.3080 -0.64857
2.3090 -0.64929
2.3100 -0.65000
2.3110 -0.65071
2.3120 -0.65143
2.3130 -0.65214
2.3140 -0.65286
2.3150 -0.65357
2.3160 -0.65429
2.3170 -0.65500
2.3180 -0.65571
2.3190 -0.65643
2.3200 -0.65714
2.3210 -0.65786
2.3220 -0.65857
2.3230 -0.65929
2.3240 -0.66000
2.3250 -0.66071
2.3260 -0.66143
2.3270 -0.66214
2.3280 -0.66286
2.3290 -0.66357
2.3300 -0.66429
2.3310 -0.66500
2.3320 -0.66571
2.3330 -0.66643
2.3340 -0.66714
2.3350 -0.66786
2.3360 -0.66857
2.3370 -0.66929
2.3380 -0.67000
2.3390 -0.67071
2.3400 -0.67143
2.3410 -0.67214
2.3420 -0.67286
2.3430 -0.67357
2.3440 -0.67429
2.3450 -0.67500
2.3460 -0.67571
2.3470 -0.67643
2.3480 -0.67714
2.3490 -0.67786
2.3500 -0.67857
2.3510 -0.67929
2.3520 -0.68000
2.3530 -0.68071
2.3540 -0.68143
2.3550 -0.68214
2.3560 -0.68286
2.3570 -0.68357
2.3580 -0.68429
2.3590 -0.68500
2.3600 -0.68571
2.3610 -0.68643
2.3620 -0.68714
2.3630 -0.68786
2.3640 -0.68857
2.3650 -0.68929
2.3660 -0.69000
2.3670 -0.69071
2.3680 -0.69143
2.3690 -0.69214
2.3700 -0.69286
2.3710 -0.69357
2.3720 -0.69429
2.3730 -0.69500
2.3740 -0.69571
2.3750 -0.69643
2.3760 -0.69714
2.3770 -0.69786
2.3780 -0.69857
2.3790 -0.69929
2.3800 -0.70000
2.3810 -0.70071
2.3820 -0.70143
2.3830 -0.70214
2.3840 -0.70286
2.3850 -0.70357
2.3860 -0.70429
2.3870 -0.70500
2.3880 -0.70571
2.3890 -0.70643
2.3900 -0.70714
2.3910 -0.70786
2.3920 -0.70857
2.3930 -0.70929
2.3940 -0.71000
2.3950 -0.71071
2.3960 -0.71143
2.3970 -0.71214
2.3980 -0.71286
2.3990 -0.71357
2.4000 -0.71429
2.4010 -0.71500
2.4020 -0.71571
2.4030 -0.71643
2.4040 -0.71714
2.4050 -0.71786
2.4060 -0.71857
2.4070 -0.71929
2.4080 -0.72000
2.4090 -0.72071
2.4100 -0.72143
2.4110 -0.72214
2.4120 -0.72286
2.4130 -0.72357
2.4140 -0.72429
2.4150 -0.72500
2.4160 -0.72571
2.4170 -0.72643
2.4180 -0.72714
2.4190 -0.72786
2.4200 -0.72857
2.4210 -0.72929
2.4220 -0.73000
2.4230 -0.73071
2.4240 -0.73143
2.4250 -0.73214
2.4260 -0.73286
2.4270 -0.73357
2.4280 -0.73429
2.4290 -0.73500
2.4300 -0.73571
2.4310 -0.73643
2.4320 -0.73714
2.4330 -0.73786
2.4340 -0.73857
2.4350 -0.73929
2.4360 -0.74000
2.4370 -0.74071
2.4380 -0.74143
2.4390 -0.74214
2.4400 -0.74286
2.4410 -0.74357
2.4420 -0.74429
2.4430 -0.74500
2.4440 -0.74571
2.4450 -0.74643
2.4460 -0.74714
2.4470 -0.74786
2.4480 -0.74857
2.4490 -0.74929
2.4500 -0.75000
2.4510 -0.75071
2.4520 -0.75143
2.4530 -0.75214
2.4540 -0.75286
2.4550 -0.75357
2.4560 -0.75429
2.4570 -0.75500
2.4580 -0.75571
2.4590 -0.75643
2.4600 -0.75714
2.4610 -0.75786
2.4620 -0.75857
2.4630 -0.75929
2.4640 -0.76000
2.4650 -0.76071
2.4660 -0.76143
2.4670 -0.76214
2.4680 -0.76286
2.4690 -0.76357
2.4700 -0.76429
2.4710 -0.76500
2.4720 -0.76571
2.4730 -0.76643
2.4740 -0.76714
2.4750 -0.76786
2.4760 -0.76857
2.4770 -0.76929
2.4780 -0.77000
2.4790 -0.77071
2.4800 -0.77143
2.4810 -0.77214
2.4820 -0.77286
2.4830 -0.77357
2.4840 -0.77429
2.4850 -0.77500
2.4860 -0.77571
2.4870 -0.77643
2.4880 -0.77714
2.4890 -0.77786
2.4900 -0.77857
2.4910 -0.77929
2.4920 -0.78000
2.4930 -0.78071
2.4940 -0.78143
2.4950 -0.78214
2.4960 -0.78286
2.4970 -0.78357
2.4980 -0.78429
2.4990 -0.78500
2.5000 -0.78571
2.5010 -0.78643
2.5020 -0.78714
2.5030 -0.78786
2.5040 -0.78857
2.5050 -0.78929
2.5060 -0.79000
2.5070 -0.79071
2.5080 -0.79143
2.5090 -0.79214
2.5100 -0.79286
2.5110 -0.79357
2.5120 -0.79429
2.5130 -0.79500
2.5140 -0.79571
2.5150 -0.79643
2.5160 -0.79714
2.5170 -0.79786
2.5180 -0.79857
2.5190 -0.79929
2.5200 -0.80000
2.5210 -0.80071
2.5220 -0.80143
2.5230 -0.80214
2.5240 -0.80286
2.5250 -0.80357
2.5260 -0.80429
2.5270 -0.80500
2.5280 -0.80571
2.5290 -0.80643
2.5300 -0.80714
2.5310 -0.80786
2.5320 -0.80857
2.5330 -0.80929
2.5340 -0.81000
2.5350 -0.81071
2.5360 -0.81143
2.5370 -0.81214
2.5380 -0.81286
2.5390 -0.81357
2.5400 -0.81429
2.5410 -0.81500
2.5420 -0.81571
2.5430 -0.81643
2.5440 -0.81714
2.5450 -0.81786
2.5460 -0.81857
2.5470 -0.81929
2.5480 -0.82000
2.5490 -0.82071
2.5500 -0.82143
2.5510 -0.82214
2.5520 -0.82286
2.5530 -0.82357
2.5540 -0.82429
2.5550 -0.82500
2.5560 -0.82571
2.5570 -0.82643
2.5580 -0.82714
2.5590 -0.82786
2.5600 -0.82857
2.5610 -0.82929
2.5620 -0.83000
2.5630 -0.83071
2.5640 -0.83143
2.5650 -0.83214
2.5660 -0.83286
2.5670 -0.83357
2.5680 -0.83429
2.5690 -0.83500
2.5700 -0.83571
2.5710 -0.83643
2.5720 -0.83714
2.5730 -0.83786
2.5740 -0.83857
2.5750 -0.83929
2.5760 -0.84000
2.5770 -0.84071
2.5780 -0.84143
2.5790 -0.84214
2.5800 -0.84286
2.5810 -0.84357
2.5820 -0.84429
2.5830 -0.84500
2.5840 -0.84571
2.5850 -0.84643
2.5860 -0.84714
2.5870 -0.84786
2.5880 -0.84857
2.5890 -0.84929
2.5900 -0.85000
2.5910 -0.85071
2.5920 -0.85143
2.5930 -0.85214
2.5940 -0.85286
2.5950 -0.85357
2.5960 -0.85429
2.5970 -0.85500
2.5980 -0.85571
2.5990 -0.85643
2.6000 -0.85714
2.6010 -0.85786
2.6020 -0.85857
2.6030 -0.85929
2.6040 -0.86000
2.6050 -0.86071
2.6060 -0.86143
2.6070 -0.86214
2.6080 -0.86286
2.6090 -0.86357
2.6100 -0.86429
2.6110 -0.86500
2.6120 -0.86571
2.6130 -0.86643
2.6140 -0.86714
2.6150 -0.86786
2.6160 -0.86857
2.6170 -0.86929
2.6180 -0.87000
2.6190 -0.87071
2.6200 -0.87143
2.6210 -0.87214
2.6220 -0.87286
2.6230 -0.87357
2.6240 -0.87429
2.6250 -0.87500
2.6260 -0.87571
2.6270 -0.87643
2.6280 -0.87714
2.6290 -0.87786
2.6300 -0.87857
2.6310 -0.87929
2.6320 -0.88000
2.6330 -0.88071
2.6340 -0.88143
2.6350 -0.88214
2.6360 -0.88286
2.6370 -0.88357
2.6380 -0.88429
2.6390 -0.88500
2.6400 -0.88571
2.6410 -0.88643
2.6420 -0.88714
2.6430 -0.88786
2.6440 -0.88857
2.6450 -0.88929
2.6460 -0.89000
2.6470 -0.89071
2.6480 -0.89143
2.6490 -0.89214
2.6500 -0.89286
2.6510 -0.89357
2.6520 -0.89429
2.6530 -0.89500
2.6540 -0.89571
2.6550 -0.89643
2.6560 -0.89714
2.6570 -0.89786
2.6580 -0.89857
2.6590 -0.89929
2.6600 -0.90000
2.6610 -0.90071
2.6620 -0.90143
2.6630 -0.90214
2.6640 -0.90286
2.6650 -0.90357
2.6660 -0.90429
2.6670 -0.90500
2.6680 -0.90571
2.6690 -0.90643
2.6700 -0.90714
2.6710 -0.90786
2.6720 -0.90857
2.6730 -0.90929
2.6740 -0.91000
2.6750 -0.91071
2.6760 -0.91143
2.6770 -0.91214
2.6780 -0.91286
2.6790 -0.91357
2.6800 -0.91429
2.6810 -0.91500
2.6820 -0.91571
2.6830 -0.91643
2.6840 -0.91714
2.6850 -0.91786
2.6860 -0.91857
2.6870 -0.91929
2.6880 -0.92000
2.6890 -0.92071
2.6900 -0.92143
2.6910 -0.92214
2.6920 -0.92286
2.6930 -0.92357
2.6940 -0.92429
2.6950 -0.92500
2.6960 -0.92571
2.6970 -0.92643
2.6980 -0.92714
2.6990 -0.92786
2.7000 -0.92857
2.7010 -0.92929
2.7020 -0.93000
2.7030 -0.93071
2.7040 -0.93143
2.7050 -0.93214
2.7060 -0.93286
2.7070 -0.93357
2.7080 -0.93429
2.7090 -0.93500
2.7100 -0.93571
2.7110 -0.93643
2.7120 -0.93714
2.7130 -0.93786
2.7140 -0.93857
2.7150 -0.93929
2.7160 -0.94000
2.7170 -0.94071
2.7180 -0.94143
2.7190 -0.94214
2.7200 -0.94286
2.7210 -0.94357
2.7220 -0.94429
2.7230 -0.94500
2.7240 -0.94571
2.7250 -0.94643
2.7260 -0.94714
2.7270 -0.94786
2.7280 -0.94857
2.7290 -0.94929
2.7300 -0.95000
2.7310 -0.95071
2.7320 -0.95143
2.7330 -0.95214
2.7340 -0.95286
2.7350 -0.95357
2.7360 -0.95429
2.7370 -0.95500
2.7380 -0.95571
2.7390 -0.95643
2.7400 -0.95714
2.7410 -0.95786
2.7420 -0.95857
2.7430 -0.95929
2.7440 -0.96000
2.7450 -0.96071
2.7460 -0.96143
2.7470 -0.96214
2.7480 -0.96286
2.7490 -0.96357
2.7500 -0.96429
2.7510 -0.96500
2.7520 -0.96571
2.7530 -0.96643
2.7540 -0.96714
2.7550 -0.96786
2.7560 -0.96857
2.7570 -0.96929
2.7580 -0.97000
2.7590 -0.97071
2.7600 -0.97143
2.7610 -0.97214
2.7620 -0.97286
2.7630 -0.97357
2.7640 -0.97429
2.7650 -0.97500
2.7660 -0.97571
2.7670 -0.97643
2.7680 -0.97714
2.7690 -0.97786
2.7700 -0.97857
2.7710 -0.97929
2.7720 -0.98000
2.7730 -0.98071
2.7740 -0.98143
2.7750 -0.98214
2.7760 -0.98286
2.7770 -0.98357
2.7780 -0.98429
2.7790 -0.98500
2.7800 -0.98571
2.7810 -0.98643
2.7820 -0.98714
2.7830 -0.98786
2.7840 -0.98857
2.7850 -0.98929
2.7860 -0.99000
2.7870 -0.99071
2.7880 -0.99143
2.7890 -0.99214
2.7900 -0.99286
2.7910 -0.99357
2.7920 -0.99429
2.7930 -0.99500
2.7940 -0.99571
2.7950 -0.99643
2.7960 -0.99714
2.7970 -0.99786
2.7980 -0.99857
2.7990 -0.99929
2.8000 -1.00000
2.8010 -1.00071
2.8020 -1.00143
2.8030 -1.00214
2.8040 -1.00286
2.8050 -1.00357
2.8060 -1.00429
2.8070 -1.00500
2.8080 -1.00571
2.8090 -1.00643
2.8100 -1.00714
2.8110 -1.00786
2.8120 -1.00857
2.8130 -1.00929
2.8140 -1.01000
2.8150 -1.01071
2.8160 -1.01143
2.8170 -1.01214
2.8180 -1.01286
2.8190 -1.01357
2.8200 -1.01429
2.8210 -1.01500
2.8220 -1.01571
2.8230 -1.01643
2.8240 -1.01714
2.8250 -1.01786
2.8260 -1.01857
2.8270 -1.01929
2.8280 -1.02000
2.8290 -1.02071
2.8300 -1.02143
2.8310 -1.02214
2.8320 -1.02286
2.8330 -1.02357
2.8340 -1.02429
2.8350 -1.02500
2.8360 -1.02571
2.8370 -1.02643
2.8380 -1.02714
2.8390 -1.02786
2.8400 -1.02857
2.8410 -1.02929
2.8420 -1.03000
2.8430 -1.03071
2.8440 -1.03143
2.8450 -1.03214
2.8460 -1.03286
2.8470 -1.03357
2.8480 -1.03429
2.8490 -1.03500
2.8500 -1.03571
2.8510 -1.03643
2.8520 -1.03714
2.8530 -1.03786
2.8540 -1.03857
2.8550 -1.03929
2.8560 -1.04000
2.8570 -1.04071
2.8580 -1.04143
2.8590 -1.04214
2.8600 -1.04286
2.8610 -1.04357
2.8620 -1.04429
2.8630 -1.04500
2.8640 -1.04571
2.8650 -1.04643
2.8660 -1.04714
2.8670 -1.04786
2.8680 -1.04857
2.8690 -1.04929
2.8700 -1.05000
2.8710 -1.05071
2.8720 -1.05143
2.8730 -1.05214
2.8740 -1.05286
2.8750 -1.05357
2.8760 -1.05429
2.8770 -1.05500
2.8780 -1.05571
2.8790 -1.05643
2.8800 -1.05714
2.8810 -1.05786
2.8820 -1.05857
2.8830 -1.05929
2.8840 -1.06000
2.8850 -1.06071
2.8860 -1.06143
2.8870 -1.06214
2.8880 -1.06286
2.8890 -1.06357
2.8900 -1.06429
2.8910 -1.06500
2.8920 -1.06571
2.8930 -1.06643
2.8940 -1.06714
2.8950 -1.06786
2.8960 -1.06857
2.8970 -1.06929
2.8980 -1.07000
2.8990 -1.07071
2.9000 -1.07143
2.9010 -1.07214
2.9020 -1.07286
2.9030 -1.07357
2.9040 -1.07429
2.9050 -1.07500
2.9060 -1.07571
2.9070 -1.07643
2.9080 -1.07714
2.9090 -1.07786
2.9100 -1.07857
2.9110 -1.07929
2.9120 -1.08000
2.9130 -1.08071
2.9140 -1.08143
2.9150 -1.08214
2.9160 -1.08286
2.9170 -1.08357
2.9180 -1.08429
2.9190 -1.08500
2.9200 -1.08571
2.9210 -1.08643
2.9220 -1.08714
2.9230 -1.08786
2.9240 -1.08857
2.9250 -1.08929
2.9260 -1.09000
2.9270 -1.09071
2.9280 -1.09143
2.9290 -1.09214
2.9300 -1.09286
2.9310 -1.09357
2.9320 -1.09429
2.9330 -1.09500
2.9340 -1.09571
2.9350 -1.09643
2.9360 -1.09714
2.9370 -1.09786
2.9380 -1.09857
2.9390 -1.09929
2.9400 -1.10000
2.9410 -1.10071
2.9420 -1.10143
2.9430 -1.10214
2.9440 -1.10286
2.9450 -1.10357
2.9460 -1.10429
2.9470 -1.10500
2.9480 -1.10571
2.9490 -1.10643
2.9500 -1.10714
2.9510 -1.10786
2.9520 -1.10857
2.9530 -1.10929
2.9540 -1.11000
2.9550 -1.11071
2.9560 -1.11143
2.9570 -1.11214
2.9580 -1.11286
2.9590 -1.11357
2.9600 -1.11429
2.9610 -1.11500
2.9620 -1.11571
2.9630 -1.11643
2.9640 -1.11714
2.9650 -1.11786
2.9660 -1.11857
2.9670 -1.11929
2.9680 -1.12000
2.9690 -1.12071
2.9700 -1.12143
2.9710 -1.12214
2.9720 -1.12286
2.9730 -1.12357
2.9740 -1.12429
2.9750 -1.12500
2.9760 -1.12571
2.9770 -1.12643
2.9780 -1.12714
2.9790 -1.12786
2.9800 -1.12857
2.9810 -1.12929
2.9820 -1.13000
2.9830 -1.13071
2.9840 -1.13143
2.9850 -1.13214
2.9860 -1.13286
2.9870 -1.13357
2.9880 -1.13429
2.9890 -1.13500
2.9900 -1.13571
2.9910 -1.13643
2.9920 -1.13714
2.9930 -1.13786
2.9940 -1.13857
2.9950 -1.13929
2.9960 -1.14000
2.9970 -1.14071
2.9980 -1.14143
2.9990 -1.14214
3.0000 -1.14286
3.0010 -1.14357
3.0020 -1.14429
3.0030 -1.14500
3.0040 -1.14571
3.0050 -1.14643
3.0060 -1.14714
3.0070 -1.14786
3.0080 -1.14857
3.0090 -1.14929
3.0100 -1.15000
3.0110 -1.15071
3.0120 -1.15143
3.0130 -1.15214
3.0140 -1.15286
3.0150 -1.15357
3.0160 -1.15429
3.0170 -1.15500
3.0180 -1.15571
3.0190 -1.15643
3.0200 -1.15714
3.0210 -1.15786
3.0220 -1.15857
3.0230 -1.15929
3.0240 -1.16000
3.0250 -1.16071
3.0260 -1.16143
3.0270 -1.16214
3.0280 -1.16286
3.0290 -1.16357
3.0300 -1.16429
3.0310 -1.16500
3.0320 -1.16571
3.0330 -1.16643
3.0340 -1.16714
3.0350 -1.16786
3.0360 -1.16857
3.0370 -1.16929
3.0380 -1.17000
3.0390 -1.17071
3.0400 -1.17143
3.0410 -1.17214
3.0420 -1.17286
3.0430 -1.17357
3.0440 -1.17429
3.0450 -1.17500
3.0460 -1.17571
3.0470 -1.17643
3.0480 -1.17714
3.0490 -1.17786
3.0500 -1.17857
3.0510 -1.17929
3.0520 -1.18000
3.0530 -1.18071
3.0540 -1.18143
3.0550 -1.18214
3.0560 -1.18286
3.0570 -1.18357
3.0580 -1.18429
3.0590 -1.18500
3.0600 -1.18571
3.0610 -1.18643
3.0620 -1.18714
3.0630 -1.18786
3.0640 -1.18857
3.0650 -1.18929
3.0660 -1.19000
3.0670 -1.19071
3.0680 -1.19143
3.0690 -1.19214
3.0700 -1.19286
3.0710 -1.19357
3.0720 -1.19429
3.0730 -1.19500
3.0740 -1.19571
3.0750 -1.19643
3.0760 -1.19714
3.0770 -1.19786
3.0780 -1.19857
3.0790 -1.19929
3.0800 -1.20000
3.0810 -1.20071
3.0820 -1.20143
3.0830 -1.20214
3.0840 -1.20286
3.0850 -1.20357
3.0860 -1.20429
3.0870 -1.20500
3.0880 -1.20571
3.0890 -1.20643
3.0900 -1.20714
3.0910 -1.20786
3.0920 -1.20857
3.0930 -1.20929
3.0940 -1.21000
3.0950 -1.21071
3.0960 -1.21143
3.0970 -1.21214
3.0980 -1.21286
3.0990 -1.21357
3.1000 -1.21429
3.1010 -1.21500
3.1020 -1.21571
3.1030 -1.21643
3.1040 -1.21714
3.1050 -1.21786
3.1060 -1.21857
3.1070 -1.21929
3.1080 -1.22000
3.1090 -1.22071
3.1100 -1.22143
3.1110 -1.22214
3.1120 -1.22286
3.1130 -1.22357
3.1140 -1.22429
3.1150 -1.22500
3.1160 -1.22571
3.1170 -1.22643
3.1180 -1.22714
3.1190 -1.22786
3.1200 -1.22857
3.1210 -1.22929
3.1220 -1.23000
3.1230 -1.23071
3.1240 -1.23143
3.1250 -1.23214
3.1260 -1.23286
3.1270 -1.23357
3.1280 -1.23429
3.1290 -1.23500
3.1300 -1.23571
3.1310 -1.23643
3.1320 -1.23714
3.1330 -1.23786
3.1340 -1.23857
3.1350 -1.23929
3.1360 -1.24000
3.1370 -1.24071
3.1380 -1.24143
3.1390 -1.24214
3.1400 -1.24286
3.1410 -1.24357
3.1420 -1.24429
3.1430 -1.24500
3.1440 -1.24571
3.1450 -1.24643
3.1460 -1.24714
3.1470 -1.24786
3.1480 -1.24857
3.1490 -1.24929
3.1500 -1.25000
3.1510 -1.25071
3.1520 -1.25143
3.1530 -1.25214
3.1540 -1.25286
3.1550 -1.25357
3.1560 -1.25429
3.1570 -1.25500
3.1580 -1.25571
3.1590 -1.25643
3.1600 -1.25714
3.1610 -1.25786
3.1620 -1.25857
3.1630 -1.25929
3.1640 -1.26000
3.1650 -1.26071
3.1660 -1.26143
3.1670 -1.26214
3.1680 -1.26286
3.1690 -1.26357
3.1700 -1.26429
3.1710 -1.26500
3.1720 -1.26571
3.1730 -1.26643
3.1740 -1.26714
3.1750 -1.26786
3.1760 -1.26857
3.1770 -1.26929
3.1780 -1.27000
3.1790 -1.27071
3.1800 -1.27143
3.1810 -1.27214
3.1820 -1.27286
3.1830 -1.27357
3.1840 -1.27429
3.1850 -1.27500
3.1860 -1.27571
3.1870 -1.27643
3.1880 -1.27714
3.1890 -1.27786
3.1900 -1.27857
3.1910 -1.27929
3.1920 -1.28000
3.1930 -1.28071
3.1940 -1.28143
3.1950 -1.28214
3.1960 -1.28286
3.1970 -1.28357
3.1980 -1.28429
3.1990 -1.28500
3.2000 -1.28571
3.2010 -1.28643
3.2020 -1.28714
3.2030 -1.28786
3.2040 -1.28857
3.2050 -1.28929
3.2060 -1.29000
3.2070 -1.29071
3.2080 -1.29143
3.2090 -1.29214
3.2100 -1.29286
3.2110 -1.29357
3.2120 -1.29429
3.2130 -1.29500
3.2140 -1.29571
3.2150 -1.29643
3.2160 -1.29714
3.2170 -1.29786
3.2180 -1.29857
3.2190 -1.29929
3.2200 -1.30000
3.2210 -1.30071
3.2220 -1.30143
3.2230 -1.30214
3.2240 -1.30286
3.2250 -1.30357
3.2260 -1.30429
3.2270 -1.30500
3.2280 -1.30571
3.2290 -1.30643
3.2300 -1.30714
3.2310 -1.30786
3.2320 -1.30857
3.2330 -1.30929
3.2340 -1.31000
3.2350 -1.31071
3.2360 -1.31143
3.2370 -1.31214
3.2380 -1.31286
3.2390 -1.31357
3.2400 -1.31429
3.2410 -1.31500
3.2420 -1.31571
3.2430 -1.31643
3.2440 -1.31714
3.2450 -1.31786
3.2460 -1.31857
3.2470 -1.31929
3.2480 -1.32000
3.2490 -1.32071
3.2500 -1.32143
3.2510 -1.32214
3.2520 -1.32286
3.2530 -1.32357
3.2540 -1.32429
3.2550 -1.32500
3.2560 -1.32571
3.2570 -1.32643
3.2580 -1.32714
3.2590 -1.32786
3.2600 -1.32857
3.2610 -1.32929
3.2620 -1.33000
3.2630 -1.33071
3.2640 -1.33143
3.2650 -1.33214
3.2660 -1.33286
3.2670 -1.33357
3.2680 -1.33429
3.2690 -1.33500
3.2700 -1.33571
3.2710 -1.33643
3.2720 -1.33714
3.2730 -1.33786
3.2740 -1.33857
3.2750 -1.33929
3.2760 -1.34000
3.2770 -1.34071
3.2780 -1.34143
3.2790 -1.34214
3.2800 -1.34286
3.2810 -1.34357
3.2820 -1.34429
3.2830 -1.34500
3.2840 -1.34571
3.2850 -1.34643
3.2860 -1.34714
3.2870 -1.34786
3.2880 -1.34857
3.2890 -1.34929
3.2900 -1.35000
3.2910 -1.35071
3.2920 -1.35143
3.2930 -1.35214
3.2940 -1.35286
3.2950 -1.35357
3.2960 -1.35429
3.2970 -1.35500
3.2980 -1.35571
3.2990 -1.35643
3.3000 -1.35714
3.3010 -1.35786
3.3020 -1.35857
3.3030 -1.35929
3.3040 -1.36000
3.3050 -1.36071
3.3060 -1.36143
3.3070 -1.36214
3.3080 -1.36286
3.3090 -1.36357
3.3100 -1.36429
3.3110 -1.36500
3.3120 -1.36571
3.3130 -1.36643
3.3140 -1.36714
3.3150 -1.36786
3.3160 -1.36857
3.3170 -1.36929
3.3180 -1.37000
3.3190 -1.37071
3.3200 -1.37143
3.3210 -1.37214
3.3220 -1.37286
3.3230 -1.37357
3.3240 -1.37429
3.3250 -1.37500
3.3260 -1.37571
3.3270 -1.37643
3.3280 -1.37714
3.3290 -1.37786
3.3300 -1.37857
3.3310 -1.37929
3.3320 -1.38000
3.3330 -1.38071
3.3340 -1.38143
3.3350 -1.38214
3.3360 -1.38286
3.3370 -1.38357
3.3380 -1.38429
3.3390 -1.38500
3.3400 -1.38571
3.3410 -1.38643
3.3420 -1.38714
3.3430 -1.38786
3.3440 -1.38857
3.3450 -1.38929
3.3460 -1.39000
3.3470 -1.39071
3.3480 -1.39143
3.3490 -1.39214
3.3500 -1.39286
3.3510 -1.39357
3.3520 -1.39429
3.3530 -1.39500
3.3540 -1.39571
3.3550 -1.39643
3.3560 -1.39714
3.3570 -1.39786
3.3580 -1.39857
3.3590 -1.39929
3.3600 -1.40000
3.3610 -1.40071
3.3620 -1.40143
3.3630 -1.40214
3.3640 -1.40286
3.3650 -1.40357
3.3660 -1.40429
3.3670 -1.40500
3.3680 -1.40571
3.3690 -1.40643
3.3700 -1.40714
3.3710 -1.40786
3.3720 -1.40857
3.3730 -1.40929
3.3740 -1.41000
3.3750 -1.41071
3.3760 -1.41143
3.3770 -1.41214
3.3780 -1.41286
3.3790 -1.41357
3.3800 -1.41429
3.3810 -1.41500
3.3820 -1.41571
3.3830 -1.41643
3.3840 -1.41714
3.3850 -1.41786
3.3860 -1.41857
3.3870 -1.41929
3.3880 -1.42000
3.3890 -1.42071
3.3900 -1.42143
3.3910 -1.42214
3.3920 -1.42286
3.3930 -1.42357
3.3940 -1.42429
3.3950 -1.42500
3.3960 -1.42571
3.3970 -1.42643
3.3980 -1.42714
3.3990 -1.42786
3.4000 -1.42857
3.4010 -1.42929
3.4020 -1.43000
3.4030 -1.43071
3.4040 -1.43143
3.4050 -1.43214
3.4060 -1.43286
3.4070 -1.43357
3.4080 -1.43429
3.4090 -1.43500
3.4100 -1.43571
3.4110 -1.43643
3.4120 -1.43714
3.4130 -1.43786
3.4140 -1.43857
3.4150 -1.43929
3.4160 -1.44000
3.4170 -1.44071
3.4180 -1.44143
3.4190 -1.44214
3.4200 -1.44286
3.4210 -1.44357
3.4220 -1.44429
3.4230 -1.44500
3.4240 -1.44571
3.4250 -1.44643
3.4260 -1.44714
3.4270 -1.44786
3.4280 -1.44857
3.4290 -1.44929
3.4300 -1.45000
3.4310 -1.45071
3.4320 -1.45143
3.4330 -1.45214
3.4340 -1.45286
3.4350 -1.45357
3.4360 -1.45429
3.4370 -1.45500
3.4380 -1.45571
3.4390 -1.45643
3.4400 -1.45714
3.4410 -1.45786
3.4420 -1.45857
3.4430 -1.45929
3.4440 -1.46000
3.4450 -1.46071
3.4460 -1.46143
3.4470 -1.46214
3.4480 -1.46286
3.4490 -1.46357
3.4500 -1.46429
3.4510 -1.46500
3.4520 -1.46571
3.4530 -1.46643
3.4540 -1.46714
3.4550 -1.46786
3.4560 -1.46857
3.4570 -1.46929
3.4580 -1.47000
3.4590 -1.47071
3.4600 -1.47143
3.4610 -1.47214
3.4620 -1.47286
3.4630 -1.47357
3.4640 -1.47429
3.4650 -1.47500
3.4660 -1.47571
3.4670 -1.47643
3.4680 -1.47714
3.4690 -1.47786
3.4700 -1.47857
3.4710 -1.47929
3.4720 -1.48000
3.4730 -1.48071
3.4740 -1.48143
3.4750 -1.48214
3.4760 -1.48286
3.4770 -1.48357
3.4780 -1.48429
3.4790 -1.48500
3.4800 -1.48571
3.4810 -1.48643
3.4820 -1.48714
3.4830 -1.48786
3.4840 -1.48857
3.4850 -1.48929
3.4860 -1.49000
3.4870 -1.49071
3.4880 -1.49143
3.4890 -1.49214
3.4900 -1.49286
3.4910 -1.49357
3.4920 -1.49429
3.4930 -1.49500
3.4940 -1.49571
3.4950 -1.49643
3.4960 -1.49714
3.4970 -1.49786
3.4980 -1.49857
3.4990 -1.49929
3.5000 -1.50000
3.5010 -1.50071
3.5020 -1.50143
3.5030 -1.50214
3.5040 -1.50286
3.5050 -1.50357
3.5060 -1.50429
3.5070 -1.50500
3.5080 -1.50571
3.5090 -1.50643
3.5100 -1.50714
3.5110 -1.50786
3.5120 -1.50857
3.5130 -1.50929
3.5140 -1.51000
3.5150 -1.51071
3.5160 -1.51143
3.5170 -1.51214
3.5180 -1.51286
3.5190 -1.51357
3.5200 -1.51429
3.5210 -1.51500
3.5220 -1.51571
3.5230 -1.51643
3.5240 -1.51714
3.5250 -1.51786
3.5260 -1.51857
3.5270 -1.51929
3.5280 -1.52000
3.5290 -1.52071
3.5300 -1.52143
3.5310 -1.52214
3.5320 -1.52286
3.5330 -1.52357
3.5340 -1.52429
3.5350 -1.52500
3.5360 -1.52571
3.5370 -1.52643
3.5380 -1.52714
3.5390 -1.52786
3.5400 -1.52857
3.5410 -1.52929
3.5420 -1.53000
3.5430 -1.53071
3.5440 -1.53143
3.5450 -1.53214
3.5460 -1.53286
3.5470 -1.53357
3.5480 -1.53429
3.5490 -1.53500
3.5500 -1.53571
3.5510 -1.53643
3.5520 -1.53714
3.5530 -1.53786
3.5540 -1.53857
3.5550 -1.53929
3.5560 -1.54000
3.5570 -1.54071
3.5580 -1.54143
3.5590 -1.54214
3.5600 -1.54286
3.5610 -1.54357
3.5620 -1.54429
3.5630 -1.54500
3.5640 -1.54571
3.5650 -1.54643
3.5660 -1.54714
3.5670 -1.54786
3.5680 -1.54857
3.5690 -1.54929
3.5700 -1.55000
3.5710 -1.55071
3.5720 -1.55143
3.5730 -1.55214
3.5740 -1.55286
3.5750 -1.55357
3.5760 -1.55429
3.5770 -1.55500
3.5780 -1.55571
3.5790 -1.55643
3.5800 -1.55714
3.5810 -1.55786
3.5820 -1.55857
3.5830 -1.55929
3.5840 -1.56000
3.5850 -1.56071
3.5860 -1.56143
3.5870 -1.56214
3.5880 -1.56286
3.5890 -1.56357
3.5900 -1.56429
3.5910 -1.56500
3.5920 -1.56571
3.5930 -1.56643
3.5940 -1.56714
3.5950 -1.56786
3.5960 -1.56857
3.5970 -1.56929
3.5980 -1.57000
3.5990 -1.57071
3.6000 -1.57143
3.6010 -1.57214
3.6020 -1.57286
3.6030 -1.57357
3.6040 -1.57429
3.6050 -1.57500
3.6060 -1.57571
3.6070 -1.57643
3.6080 -1.57714
3.6090 -1.57786
3.6100 -1.57857
3.6110 -1.57929
3.6120 -1.58000
3.6130 -1.58071
3.6140 -1.58143
3.6150 -1.58214
3.6160 -1.58286
3.6170 -1.58357
3.6180 -1.58429
3.6190 -1.58500
3.6200 -1.58571
3.6210 -1.58643
3.6220 -1.58714
3.6230 -1.58786
3.6240 -1.58857
3.6250 -1.58929
3.6260 -1.59000
3.6270 -1.59071
3.6280 -1.59143
3.6290 -1.59214
3.6300 -1.59286
3.6310 -1.59357
3.6320 -1.59429
3.6330 -1.59500
3.6340 -1.59571
3.6350 -1.59643
3.6360 -1.59714
3.6370 -1.59786
3.6380 -1.59857
3.6390 -1.59929
3.6400 -1.60000
3.6410 -1.60071
3.6420 -1.60143
3.6430 -1.60214
3.6440 -1.60286
3.6450 -1.60357
3.6460 -1.60429
3.6470 -1.60500
3.6480 -1.60571
3.6490 -1.60643
3.6500 -1.60714
3.6510 -1.60786
3.6520 -1.60857
3.6530 -1.60929
3.6540 -1.61000
3.6550 -1.61071
3.6560 -1.61143
3.6570 -1.61214
3.6580 -1.61286
3.6590 -1.61357
3.6600 -1.61429
3.6610 -1.61500
3.6620 -1.61571
3.6630 -1.61643
3.6640 -1.61714
3.6650 -1.61786
3.6660 -1.61857
3.6670 -1.61929
3.6680 -1.62000
3.6690 -1.62071
3.6700 -1.62143
3.6710 -1.62214
3.6720 -1.62286
3.6730 -1.62357
3.6740 -1.62429
3.6750 -1.62500
3.6760 -1.62571
3.6770 -1.62643
3.6780 -1.62714
3.6790 -1.62786
3.6800 -1.62857
3.6810 -1.62929
3.6820 -1.63000
3.6830 -1.63071
3.6840 -1.63143
3.6850 -1.63214
3.6860 -1.63286
3.6870 -1.63357
3.6880 -1.63429
3.6890 -1.63500
3.6900 -1.63571
3.6910 -1.63643
3.6920 -1.63714
3.6930 -1.63786
3.6940 -1.63857
3.6950 -1.63929
3.6960 -1.64000
3.6970 -1.64071
3.6980 -1.64143
3.6990 -1.64214
3.7000 -1.64286
3.7010 -1.64357
3.7020 -1.64429
3.7030 -1.64500
3.7040 -1.64571
3.7050 -1.64643
3.7060 -1.64714
3.7070 -1.64786
3.7080 -1.64857
3.7090 -1.64929
3.7100 -1.65000
3.7110 -1.65071
3.7120 -1.65143
3.7130 -1.65214
3.7140 -1.65286
3.7150 -1.65357
3.7160 -1.65429
3.7170 -1.65500
3.7180 -1.65571
3.7190 -1.65643
3.7200 -1.65714
3.7210 -1.65786
3.7220 -1.65857
3.7230 -1.65929
3.7240 -1.66000
3.7250 -1.66071
3.7260 -1.66143
3.7270 -1.66214
3.7280 -1.66286
3.7290 -1.66357
3.7300 -1.66429
3.7310 -1.66500
3.7320 -1.66571
3.7330 -1.66643
3.7340 -1.66714
3.7350 -1.66786
3.7360 -1.66857
3.7370 -1.66929
3.7380 -1.67000
3.7390 -1.67071
3.7400 -1.67143
3.7410 -1.67214
3.7420 -1.67286
3.7430 -1.67357
3.7440 -1.67429
3.7450 -1.67500
3.7460 -1.67571
3.7470 -1.67643
3.7480 -1.67714
3.7490 -1.67786
3.7500 -1.67857
3.7510 -1.67929
3.7520 -1.68000
3.7530 -1.68071
3.7540 -1.68143
3.7550 -1.68214
3.7560 -1.68286
3.7570 -1.68357
3.7580 -1.68429
3.7590 -1.68500
3.7600 -1.68571
3.7610 -1.68643
3.7620 -1.68714
3.7630 -1.68786
3.7640 -1.68857
3.7650 -1.68929
3.7660 -1.69000
3.7670 -1.69071
3.7680 -1.69143
3.7690 -1.69214
3.7700 -1.69286
3.7710 -1.69357
3.7720 -1.69429
3.7730 -1.69500
3.7740 -1.69571
3.7750 -1.69643
3.7760 -1.69714
3.7770 -1.69786
3.7780 -1.69857
3.7790 -1.69929
3.7800 -1.70000
3.7810 -1.70071
3.7820 -1.70143
3.7830 -1.70214
3.7840 -1.70286
3.7850 -1.70357
3.7860 -1.70429
3.7870 -1.70500
3.7880 -1.70571
3.7890 -1.70643
3.7900 -1.70714
3.7910 -1.70786
3.7920 -1.70857
3.7930 -1.70929
3.7940 -1.71000
3.7950 -1.71071
3.7960 -1.71143
3.7970 -1.71214
3.7980 -1.71286
3.7990 -1.71357
3.8000 -1.71429
3.8010 -1.71500
3.8020 -1.71571
3.8030 -1.71643
3.8040 -1.71714
3.8050 -1.71786
3.8060 -1.71857
3.8070 -1.71929
3.8080 -1.72000
3.8090 -1.72071
3.8100 -1.72143
3.8110 -1.72214
3.8120 -1.72286
3.8130 -1.72357
3.8140 -1.72429
3.8150 -1.72500
3.8160 -1.72571
3.8170 -1.72643
3.8180 -1.72714
3.8190 -1.72786
3.8200 -1.72857
3.8210 -1.72929
3.8220 -1.73000
3.8230 -1.73071
3.8240 -1.73143
3.8250 -1.73214
3.8260 -1.73286
3.8270 -1.73357
3.8280 -1.73429
3.8290 -1.73500
3.8300 -1.73571
3.8310 -1.73643
3.8320 -1.73714
3.8330 -1.73786
3.8340 -1.73857
3.8350 -1.73929
3.8360 -1.74000
3.8370 -1.74071
3.8380 -1.74143
3.8390 -1.74214
3.8400 -1.74286
3.8410 -1.74357
3.8420 -1.74429
3.8430 -1.74500
3.8440 -1.74571
3.8450 -1.74643
3.8460 -1.74714
3.8470 -1.74786
3.8480 -1.74857
3.8490 -1.74929
3.8500 -1.75000
3.8510 -1.75071
3.8520 -1.75143
3.8530 -1.75214
3.8540 -1.75286
3.8550 -1.75357
3.8560 -1.75429
3.8570 -1.75500
3.8580 -1.75571
3.8590 -1.75643
3.8600 -1.75714
3.8610 -1.75786
3.8620 -1.75857
3.8630 -1.75929
3.8640 -1.76000
3.8650 -1.76071
3.8660 -1.76143
3.8670 -1.76214
3.8680 -1.76286
3.8690 -1.76357
3.8700 -1.76429
3.8710 -1.76500
3.8720 -1.76571
3.8730 -1.76643
3.8740 -1.76714
3.8750 -1.76786
3.8760 -1.76857
3.8770 -1.76929
3.8780 -1.77000
3.8790 -1.77071
3.8800 -1.77143
3.8810 -1.77214
3.8820 -1.77286
3.8830 -1.77357
3.8840 -1.77429
3.8850 -1.77500
3.8860 -1.77571
3.8870 -1.77643
3.8880 -1.77714
3.8890 -1.77786
3.8900 -1.77857
3.8910 -1.77929
3.8920 -1.78000
3.8930 -1.78071
3.8940 -1.78143
3.8950 -1.78214
3.8960 -1.78286
3.8970 -1.78357
3.8980 -1.78429
3.8990 -1.78500
3.9000 -1.78571
3.9010 -1.78643
3.9020 -1.78714
3.9030 -1.78786
3.9040 -1.78857
3.9050 -1.78929
3.9060 -1.79000
3.9070 -1.79071
3.9080 -1.79143
3.9090 -1.79214
3.9100 -1.79286
3.9110 -1.79357
3.9120 -1.79429
3.9130 -1.79500
3.9140 -1.79571
3.9150 -1.79643
3.9160 -1.79714
3.9170 -1.79786
3.9180 -1.79857
3.9190 -1.79929
3.9200 -1.80000
3.9210 -1.80071
3.9220 -1.80143
3.9230 -1.80214
3.9240 -1.80286
3.9250 -1.80357
3.9260 -1.80429
3.9270 -1.80500
3.9280 -1.80571
3.9290 -1.80643
3.9300 -1.80714
3.9310 -1.80786
3.9320 -1.80857
3.9330 -1.80929
3.9340 -1.81000
3.9350 -1.81071
3.9360 -1.81143
3.9370 -1.81214
3.9380 -1.81286
3.9390 -1.81357
3.9400 -1.81429
3.9410 -1.81500
3.9420 -1.81571
3.9430 -1.81643
3.9440 -1.81714
3.9450 -1.81786
3.9460 -1.81857
3.9470 -1.81929
3.9480 -1.82000
3.9490 -1.82071
3.9500 -1.82143
3.9510 -1.82214
3.9520 -1.82286
3.9530 -1.82357
3.9540 -1.82429
3.9550 -1.82500
3.9560 -1.82571
3.9570 -1.82643
3.9580 -1.82714
3.9590 -1.82786
3.9600 -1.82857
3.9610 -1.82929
3.9620 -1.83000
3.9630 -1.83071
3.9640 -1.83143
3.9650 -1.83214
3.9660 -1.83286
3.9670 -1.83357
3.9680 -1.83429
3.9690 -1.83500
3.9700 -1.83571
3.9710 -1.83643
3.9720 -1.83714
3.9730 -1.83786
3.9740 -1.83857
3.9750 -1.83929
3.9760 -1.84000
3.9770 -1.84071
3.9780 -1.84143
3.9790 -1.84214
3.9800 -1.84286
3.9810 -1.84357
3.9820 -1.84429
3.9830 -1.84500
3.9840 -1.84571
3.9850 -1.84643
3.9860 -1.84714
3.9870 -1.84786
3.9880 -1.84857
3.9890 -1.84929
3.9900 -1.85000
3.9910 -1.85071
3.9920 -1.85143
3.9930 -1.85214
3.9940 -1.85286
3.9950 -1.85357
3.9960 -1.85429
3.9970 -1.85500
3.9980 -1.85571
3.9990 -1.85643
4.0000 -1.85714
4.0010 -1.85786
4.0020 -1.85857
4.0030 -1.85929
4.0040 -1.86000
4.0050 -1.86071
4.0060 -1.86143
4.0070 -1.86214
4.0080 -1.86286
4.0090 -1.86357
4.0100 -1.86429
4.0110 -1.86500
4.0120 -1.86571
4.0130 -1.86643
4.0140 -1.86714
4.0150 -1.86786
4.0160 -1.86857
4.0170 -1.86929
4.0180 -1.87000
4.0190 -1.87071
4.0200 -1.87143
4.0210 -1.87214
4.0220 -1.87286
4.0230 -1.87357
4.0240 -1.87429
4.0250 -1.87500
4.0260 -1.87571
4.0270 -1.87643
4.0280 -1.87714
4.0290 -1.87786
4.0300 -1.87857
4.0310 -1.87929
4.0320 -1.88000
4.0330 -1.88071
4.0340 -1.88143
4.0350 -1.88214
4.0360 -1.88286
4.0370 -1.88357
4.0380 -1.88429
4.0390 -1.88500
4.0400 -1.88571
4.0410 -1.88643
4.0420 -1.88714
4.0430 -1.88786
4.0440 -1.88857
4.0450 -1.88929
4.0460 -1.89000
4.0470 -1.89071
4.0480 -1.89143
4.0490 -1.89214
4.0500 -1.89286
4.0510 -1.89357
4.0520 -1.89429
4.0530 -1.89500
4.0540 -1.89571
4.0550 -1.89643
4.0560 -1.89714
4.0570 -1.89786
4.0580 -1.89857
4.0590 -1.89929
4.0600 -1.90000
4.0610 -1.90071
4.0620 -1.90143
4.0630 -1.90214
4.0640 -1.90286
4.0650 -1.90357
4.0660 -1.90429
4.0670 -1.90500
4.0680 -1.90571
4.0690 -1.90643
4.0700 -1.90714
4.0710 -1.90786
4.0720 -1.90857
4.0730 -1.90929
4.0740 -1.91000
4.0750 -1.91071
4.0760 -1.91143
4.0770 -1.91214
4.0780 -1.91286
4.0790 -1.91357
4.0800 -1.91429
4.0810 -1.91500
4.0820 -1.91571
4.0830 -1.91643
4.0840 -1.91714
4.0850 -1.91786
4.0860 -1.91857
4.0870 -1.91929
4.0880 -1.92000
4.0890 -1.92071
4.0900 -1.92143
4.0910 -1.92214
4.0920 -1.92286
4.0930 -1.92357
4.0940 -1.92429
4.0950 -1.92500
4.0960 -1.92571
4.0970 -1.92643
4.0980 -1.92714
4.0990 -1.92786
4.1000 -1.92857
4.1010 -1.92929
4.1020 -1.93000
4.1030 -1.93071
4.1040 -1.93143
4.1050 -1.93214
4.1060 -1.93286
4.1070 -1.93357
4.1080 -1.93429
4.1090 -1.93500
4.1100 -1.93571
4.1110 -1.93643
4.1120 -1.93714
4.1130 -1.93786
4.1140 -1.93857
4.1150 -1.93929
4.1160 -1.94000
4.1170 -1.94071
4.1180 -1.94143
4.1190 -1.94214
4.1200 -1.94286
4.1210 -1.94357
4.1220 -1.94429
4.1230 -1.94500
4.1240 -1.94571
4.1250 -1.94643
4.1260 -1.94714
4.1270 -1.94786
4.1280 -1.94857
4.1290 -1.94929
4.1300 -1.95000
4.1310 -1.95071
4.1320 -1.95143
4.1330 -1.95214
4.1340 -1.95286
4.1350 -1.95357
4.1360 -1.95429
4.1370 -1.95500
4.1380 -1.95571
4.1390 -1.95643
4.1400 -1.95714
4.1410 -1.95786
4.1420 -1.95857
4.1430 -1.95929
4.1440 -1.96000
4.1450 -1.96071
4.1460 -1.96143
4.1470 -1.96214
4.1480 -1.96286
4.1490 -1.96357
4.1500 -1.96429
4.1510 -1.96500
4.1520 -1.96571
4.1530 -1.96643
4.1540 -1.96714
4.1550 -1.96786
4.1560 -1.96857
4.1570 -1.96929
4.1580 -1.97000
4.1590 -1.97071
4.1600 -1.97143
4.1610 -1.97214
4.1620 -1.97286
4.1630 -1.97357
4.1640 -1.97429
4.1650 -1.97500
4.1660 -1.97571
4.1670 -1.97643
4.1680 -1.97714
4.1690 -1.97786
4.1700 -1.97857
4.1710 -1.97929
4.1720 -1.98000
4.1730 -1.98071
4.1740 -1.98143
4.1750 -1.98214
4.1760 -1.98286
4.1770 -1.98357
4.1780 -1.98429
4.1790 -1.98500
4.1800 -1.98571
4.1810 -1.98643
4.1820 -1.98714
4.1830 -1.98786
4.1840 -1.98857
4.1850 -1.98929
4.1860 -1.99000
4.1870 -1.99071
4.1880 -1.99143
4.1890 -1.99214
4.1900 -1.99286
4.1910 -1.99357
4.1920 -1.99429
4.1930 -1.99500
4.1940 -1.99571
4.1950 -1.99643
4.1960 -1.99714
4.1970 -1.99786
4.1980 -1.99857
4.1990 -1.99929
4.2000 -2.00000
4.2010 -2.00071
4.2020 -2.00143
4.2030 -2.00214
4.2040 -2.00286
4.2050 -2.00357
4.2060 -2.00429
4.2070 -2.00500
4.2080 -2.00571
4.2090 -2.00643
4.2100 -2.00714
4.2110 -2.00786
4.2120 -2.00857
4.2130 -2.00929
4.2140 -2.01000
4.2150 -2.01071
4.2160 -2.01143
4.2170 -2.01214
4.2180 -2.01286
4.2190 -2.01357
4.2200 -2.01429
4.2210 -2.01500
4.2220 -2.01571
4.2230 -2.01643
4.2240 -2.01714
4.2250 -2.01786
4.2260 -2.01857
4.2270 -2.01929
4.2280 -2.02000
4.2290 -2.02071
4.2300 -2.02143
4.2310 -2.02214
4.2320 -2.02286
4.2330 -2.02357
4.2340 -2.02429
4.2350 -2.02500
4.2360 -2.02571
4.2370 -2.02643
4.2380 -2.02714
4.2390 -2.02786
4.2400 -2.02857
4.2410 -2.02929
4.2420 -2.03000
4.2430 -2.03071
4.2440 -2.03143
4.2450 -2.03214
4.2460 -2.03286
4.2470 -2.03357
4.2480 -2.03429
4.2490 -2.03500
4.2500 -2.03571
4.2510 -2.03643
4.2520 -2.03714
4.2530 -2.03786
4.2540 -2.03857
4.2550 -2.03929
4.2560 -2.04000
4.2570 -2.04071
4.2580 -2.04143
4.2590 -2.04214
4.2600 -2.04286
4.2610 -2.04357
4.2620 -2.04429
4.2630 -2.04500
4.2640 -2.04571
4.2650 -2.04643
4.2660 -2.04714
4.2670 -2.04786
4.2680 -2.04857
4.2690 -2.04929
4.2700 -2.05000
4.2710 -2.05071
4.2720 -2.05143
4.2730 -2.05214
4.2740 -2.05286
4.2750 -2.05357
4.2760 -2.05429
4.2770 -2.05500
4.2780 -2.05571
4.2790 -2.05643
4.2800 -2.05714
4.2810 -2.05786
4.2820 -2.05857
4.2830 -2.05929
4.2840 -2.06000
4.2850 -2.06071
4.2860 -2.06143
4.2870 -2.06214
4.2880 -2.06286
4.2890 -2.06357
4.2900 -2.06429
4.2910 -2.06500
4.2920 -2.06571
4.2930 -2.06643
4.2940 -2.06714
4.2950 -2.06786
4.2960 -2.06857
4.2970 -2.06929
4.2980 -2.07000
4.2990 -2.07071
4.3000 -2.07143
4.3010 -2.07214
4.3020 -2.07286
4.3030 -2.07357
4.3040 -2.07429
4.3050 -2.07500
4.3060 -2.07571
4.3070 -2.07643
4.3080 -2.07714
4.3090 -2.07786
4.3100 -2.07857
4.3110 -2.07929
4.3120 -2.08000
4.3130 -2.08071
4.3140 -2.08143
4.3150 -2.08214
4.3160 -2.08286
4.3170 -2.08357
4.3180 -2.08429
4.3190 -2.08500
4.3200 -2.08571
4.3210 -2.08643
4.3220 -2.08714
4.3230 -2.08786
4.3240 -2.08857
4.3250 -2.08929
4.3260 -2.09000
4.3270 -2.09071
4.3280 -2.09143
4.3290 -2.09214
4.3300 -2.09286
4.3310 -2.09357
4.3320 -2.09429
4.3330 -2.09500
4.3340 -2.09571
4.3350 -2.09643
4.3360 -2.09714
4.3370 -2.09786
4.3380 -2.09857
4.3390 -2.09929
4.3400 -2.10000
4.3410 -2.10071
4.3420 -2.10143
4.3430 -2.10214
4.3440 -2.10286
4.3450 -2.10357
4.3460 -2.10429
4.3470 -2.10500
4.3480 -2.10571
4.3490 -2.10643
4.3500 -2.10714
4.3510 -2.10786
4.3520 -2.10857
4.3530 -2.10929
4.3540 -2.11000
4.3550 -2.11071
4.3560 -2.11143
4.3570 -2.11214
4.3580 -2.11286
4.3590 -2.11357
4.3600 -2.11429
4.3610 -2.11500
4.3620 -2.11571
4.3630 -2.11643
4.3640 -2.11714
4.3650 -2.11786
4.3660 -2.11857
4.3670 -2.11929
4.3680 -2.12000
4.3690 -2.12071
4.3700 -2.12143
4.3710 -2.12214
4.3720 -2.12286
4.3730 -2.12357
4.3740 -2.12429
4.3750 -2.12500
4.3760 -2.12571
4.3770 -2.12643
4.3780 -2.12714
4.3790 -2.12786
4.3800 -2.12857
4.3810 -2.12929
4.3820 -2.13000
4.3830 -2.13071
4.3840 -2.13143
4.3850 -2.13214
4.3860 -2.13286
4.3870 -2.13357
4.3880 -2.13429
4.3890 -2.13500
4.3900 -2.13571
4.3910 -2.13643
4.3920 -2.13714
4.3930 -2.13786
4.3940 -2.13857
4.3950 -2.13929
4.3960 -2.14000
4.3970 -2.14071
4.3980 -2.14143
4.3990 -2.14214
4.4000 -2.14286
4.4010 -2.14357
4.4020 -2.14429
4.4030 -2.14500
4.4040 -2.14571
4.4050 -2.14643
4.4060 -2.14714
4.4070 -2.14786
4.4080 -2.14857
4.4090 -2.14929
4.4100 -2.15000
4.4110 -2.15071
4.4120 -2.15143
4.4130 -2.15214
4.4140 -2.15286
4.4150 -2.15357
4.4160 -2.15429
4.4170 -2.15500
4.4180 -2.15571
4.4190 -2.15643
4.4200 -2.15714
4.4210 -2.15786
4.4220 -2.15857
4.4230 -2.15929
4.4240 -2.16000
4.4250 -2.16071
4.4260 -2.16143
4.4270 -2.16214
4.4280 -2.16286
4.4290 -2.16357
4.4300 -2.16429
4.4310 -2.16500
4.4320 -2.16571
4.4330 -2.16643
4.4340 -2.16714
4.4350 -2.16786
4.4360 -2.16857
4.4370 -2.16929
4.4380 -2.17000
4.4390 -2.17071
4.4400 -2.17143
4.4410 -2.17214
4.4420 -2.17286
4.4430 -2.17357
4.4440 -2.17429
4.4450 -2.17500
4.4460 -2.17571
4.4470 -2.17643
4.4480 -2.17714
4.4490 -2.17786
4.4500 -2.17857
4.4510 -2.17929
4.4520 -2.18000
4.4530 -2.18071
4.4540 -2.18143
4.4550 -2.18214
4.4560 -2.18286
4.4570 -2.18357
4.4580 -2.18429
4.4590 -2.18500
4.4600 -2.18571
4.4610 -2.18643
4.4620 -2.18714
4.4630 -2.18786
4.4640 -2.18857
4.4650 -2.18929
4.4660 -2.19000
4.4670 -2.19071
4.4680 -2.19143
4.4690 -2.19214
4.4700 -2.19286
4.4710 -2.19357
4.4720 -2.19429
4.4730 -2.19500
4.4740 -2.19571
4.4750 -2.19643
4.4760 -2.19714
4.4770 -2.19786
4.4780 -2.19857
4.4790 -2.19929
4.4800 -2.20000
4.4810 -2.20071
4.4820 -2.20143
4.4830 -2.20214
4.4840 -2.20286
4.4850 -2.20357
4.4860 -2.20429
4.4870 -2.20500
4.4880 -2.20571
4.4890 -2.20643
4.4900 -2.20714
4.4910 -2.20786
4.4920 -2.20857
4.4930 -2.20929
4.4940 -2.21000
4.4950 -2.21071
4.4960 -2.21143
4.4970 -2.21214
4.4980 -2.21286
4.4990 -2.21357
4.5000 -2.21429
4.5010 -2.21500
4.5020 -2.21571
4.5030 -2.21643
4.5040 -2.21714
4.5050 -2.21786
4.5060 -2.21857
4.5070 -2.21929
4.5080 -2.22000
4.5090 -2.22071
4.5100 -2.22143
4.5110 -2.22214
4.5120 -2.22286
4.5130 -2.22357
4.5140 -2.22429
4.5150 -2.22500
4.5160 -2.22571
4.5170 -2.22643
4.5180 -2.22714
4.5190 -2.22786
4.5200 -2.22857
4.5210 -2.22929
4.5220 -2.23000
4.5230 -2.23071
4.5240 -2.23143
4.5250 -2.23214
4.5260 -2.23286
4.5270 -2.23357
4.5280 -2.23429
4.5290 -2.23500
4.5300 -2.23571
4.5310 -2.23643
4.5320 -2.23714
4.5330 -2.23786
4.5340 -2.23857
4.5350 -2.23929
4.5360 -2.24000
4.5370 -2.24071
4.5380 -2.24143
4.5390 -2.24214
4.5400 -2.24286
4.5410 -2.24357
4.5420 -2.24429
4.5430 -2.24500
4.5440 -2.24571
4.5450 -2.24643
4.5460 -2.24714
4.5470 -2.24786
4.5480 -2.24857
4.5490 -2.24929
4.5500 -2.25000
4.5510 -2.25071
4.5520 -2.25143
4.5530 -2.25214
4.5540 -2.25286
4.5550 -2.25357
4.5560 -2.25429
4.5570 -2.25500
4.5580 -2.25571
4.5590 -2.25643
4.5600 -2.25714
4.5610 -2.25786
4.5620 -2.25857
4.5630 -2.25929
4.5640 -2.26000
4.5650 -2.26071
4.5660 -2.26143
4.5670 -2.26214
4.5680 -2.26286
4.5690 -2.26357
4.5700 -2.26429
4.5710 -2.26500
4.5720 -2.26571
4.5730 -2.26643
4.5740 -2.26714
4.5750 -2.26786
4.5760 -2.26857
4.5770 -2.26929
4.5780 -2.27000
4.5790 -2.27071
4.5800 -2.27143
4.5810 -2.27214
4.5820 -2.27286
4.5830 -2.27357
4.5840 -2.27429
4.5850 -2.27500
4.5860 -2.27571
4.5870 -2.27643
4.5880 -2.27714
4.5890 -2.27786
4.5900 -2.27857
4.5910 -2.27929
4.5920 -2.28000
4.5930 -2.28071
4.5940 -2.28143
4.5950 -2.28214
4.5960 -2.28286
4.5970 -2.28357
4.5980 -2.28429
4.5990 -2.28500
4.6000 -2.28571
4.6010 -2.28643
4.6020 -2.28714
4.6030 -2.28786
4.6040 -2.28857
4.6050 -2.28929
4.6060 -2.29000
4.6070 -2.29071
4.6080 -2.29143
4.6090 -2.29214
4.6100 -2.29286
4.6110 -2.29357
4.6120 -2.29429
4.6130 -2.29500
4.6140 -2.29571
4.6150 -2.29643
4.6160 -2.29714
4.6170 -2.29786
4.6180 -2.29857
4.6190 -2.29929
4.6200 -2.30000
4.6210 -2.30071
4.6220 -2.30143
4.6230 -2.30214
4.6240 -2.30286
4.6250 -2.30357
4.6260 -2.30429
4.6270 -2.30500
4.6280 -2.30571
4.6290 -2.30643
4.6300 -2.30714
4.6310 -2.30786
4.6320 -2.30857
4.6330 -2.30929
4.6340 -2.31000
4.6350 -2.31071
4.6360 -2.31143
4.6370 -2.31214
4.6380 -2.31286
4.6390 -2.31357
4.6400 -2.31429
4.6410 -2.31500
4.6420 -2.31571
4.6430 -2.31643
4.6440 -2.31714
4.6450 -2.31786
4.6460 -2.31857
4.6470 -2.31929
4.6480 -2.32000
4.6490 -2.32071
4.6500 -2.32143
4.6510 -2.32214
4.6520 -2.32286
4.6530 -2.32357
4.6540 -2.32429
4.6550 -2.32500
4.6560 -2.32571
4.6570 -2.32643
4.6580 -2.32714
4.6590 -2.32786
4.6600 -2.32857
4.6610 -2.32929
4.6620 -2.33000
4.6630 -2.33071
4.6640 -2.33143
4.6650 -2.33214
4.6660 -2.33286
4.6670 -2.33357
4.6680 -2.33429
4.6690 -2.33500
4.6700 -2.33571
4.6710 -2.33643
4.6720 -2.33714
4.6730 -2.33786
4.6740 -2.33857
4.6750 -2.33929
4.6760 -2.34000
4.6770 -2.34071
4.6780 -2.34143
4.6790 -2.34214
4.6800 -2.34286
4.6810 -2.34357
4.6820 -2.34429
4.6830 -2.34500
4.6840 -2.34571
4.6850 -2.34643
4.6860 -2.34714
4.6870 -2.34786
4.6880 -2.34857
4.6890 -2.34929
4.6900 -2.35000
4.6910 -2.35071
4.6920 -2.35143
4.6930 -2.35214
4.6940 -2.35286
4.6950 -2.35357
4.6960 -2.35429
4.6970 -2.35500
4.6980 -2.35571
4.6990 -2.35643
4.7000 -2.35714
4.7010 -2.35786
4.7020 -2.35857
4.7030 -2.35929
4.7040 -2.36000
4.7050 -2.36071
4.7060 -2.36143
4.7070 -2.36214
4.7080 -2.36286
4.7090 -2.36357
4.7100 -2.36429
4.7110 -2.36500
4.7120 -2.36571
4.7130 -2.36643
4.7140 -2.36714
4.7150 -2.36786
4.7160 -2.36857
4.7170 -2.36929
4.7180 -2.37000
4.7190 -2.37071
4.7200 -2.37143
4.7210 -2.37214
4.7220 -2.37286
4.7230 -2.37357
4.7240 -2.37429
4.7250 -2.37500
4.7260 -2.37571
4.7270 -2.37643
4.7280 -2.37714
4.7290 -2.37786
4.7300 -2.37857
4.7310 -2.37929
4.7320 -2.38000
4.7330 -2.38071
4.7340 -2.38143
4.7350 -2.38214
4.7360 -2.38286
4.7370 -2.38357
4.7380 -2.38429
4.7390 -2.38500
4.7400 -2.38571
4.7410 -2.38643
4.7420 -2.38714
4.7430 -2.38786
4.7440 -2.38857
4.7450 -2.38929
4.7460 -2.39000
4.7470 -2.39071
4.7480 -2.39143
4.7490 -2.39214
4.7500 -2.39286
4.7510 -2.39357
4.7520 -2.39429
4.7530 -2.39500
4.7540 -2.39571
4.7550 -2.39643
4.7560 -2.39714
4.7570 -2.39786
4.7580 -2.39857
4.7590 -2.39929
4.7600 -2.40000
4.7610 -2.40071
4.7620 -2.40143
4.7630 -2.40214
4.7640 -2.40286
4.7650 -2.40357
4.7660 -2.40429
4.7670 -2.40500
4.7680 -2.40571
4.7690 -2.40643
4.7700 -2.40714
4.7710 -2.40786
4.7720 -2.40857
4.7730 -2.40929
4.7740 -2.41000
4.7750 -2.41071
4.7760 -2.41143
4.7770 -2.41214
4.7780 -2.41286
4.7790 -2.41357
4.7800 -2.41429
4.7810 -2.41500
4.7820 -2.41571
4.7830 -2.41643
4.7840 -2.41714
4.7850 -2.41786
4.7860 -2.41857
4.7870 -2.41929
4.7880 -2.42000
4.7890 -2.42071
4.7900 -2.42143
4.7910 -2.42214
4.7920 -2.42286
4.7930 -2.42357
4.7940 -2.42429
4.7950 -2.42500
4.7960 -2.42571
4.7970 -2.42643
4.7980 -2.42714
4.7990 -2.42786
4.8000 -2.42857
4.8010 -2.42929
4.8020 -2.43000
4.8030 -2.43071
4.8040 -2.43143
4.8050 -2.43214
4.8060 -2.43286
4.8070 -2.43357
4.8080 -2.43429
4.8090 -2.43500
4.8100 -2.43571
4.8110 -2.43643
4.8120 -2.43714
4.8130 -2.43786
4.8140 -2.43857
4.8150 -2.43929
4.8160 -2.44000
4.8170 -2.44071
4.8180 -2.44143
4.8190 -2.44214
4.8200 -2.44286
4.8210 -2.44357
4.8220 -2.44429
4.8230 -2.44500
4.8240 -2.44571
4.8250 -2.44643
4.8260 -2.44714
4.8270 -2.44786
4.8280 -2.44857
4.8290 -2.44929
4.8300 -2.45000
4.8310 -2.45071
4.8320 -2.45143
4.8330 -2.45214
4.8340 -2.45286
4.8350 -2.45357
4.8360 -2.45429
4.8370 -2.45500
4.8380 -2.45571
4.8390 -2.45643
4.8400 -2.45714
4.8410 -2.45786
4.8420 -2.45857
4.8430 -2.45929
4.8440 -2.46000
4.8450 -2.46071
4.8460 -2.46143
4.8470 -2.46214
4.8480 -2.46286
4.8490 -2.46357
4.8500 -2.46429
4.8510 -2.46500
4.8520 -2.46571
4.8530 -2.46643
4.8540 -2.46714
4.8550 -2.46786
4.8560 -2.46857
4.8570 -2.46929
4.8580 -2.47000
4.8590 -2.47071
4.8600 -2.47143
4.8610 -2.47214
4.8620 -2.47286
4.8630 -2.47357
4.8640 -2.47429
4.8650 -2.47500
4.8660 -2.47571
4.8670 -2.47643
4.8680 -2.47714
4.8690 -2.47786
4.8700 -2.47857
4.8710 -2.47929
4.8720 -2.48000
4.8730 -2.48071
4.8740 -2.48143
4.8750 -2.48214
4.8760 -2.48286
4.8770 -2.48357
4.8780 -2.48429
4.8790 -2.48500
4.8800 -2.48571
4.8810 -2.48643
4.8820 -2.48714
4.8830 -2.48786
4.8840 -2.48857
4.8850 -2.48929
4.8860 -2.49000
4.8870 -2.49071
4.8880 -2.49143
4.8890 -2.49214
4.8900 -2.49286
4.8910 -2.49357
4.8920 -2.49429
4.8930 -2.49500
4.8940 -2.49571
4.8950 -2.49643
4.8960 -2.49714
4.8970 -2.49786
4.8980 -2.49857
4.8990 -2.49929
4.9000 -2.50000
4.9010 -2.50071
4.9020 -2.50143
4.9030 -2.50214
4.9040 -2.50286
4.9050 -2.50357
4.9060 -2.50429
4.9070 -2.50500
4.9080 -2.50571
4.9090 -2.50643
4.9100 -2.50714
4.9110 -2.50786
4.9120 -2.50857
4.9130 -2.50929
4.9140 -2.51000
4.9150 -2.51071
4.9160 -2.51143
4.9170 -2.51214
4.9180 -2.51286
4.9190 -2.51357
4.9200 -2.51429
4.9210 -2.51500
4.9220 -2.51571
4.9230 -2.51643
4.9240 -2.51714
4.9250 -2.51786
4.9260 -2.51857
4.9270 -2.51929
4.9280 -2.52000
4.9290 -2.52071
4.9300 -2.52143
4.9310 -2.52214
4.9320 -2.52286
4.9330 -2.52357
4.9340 -2.52429
4.9350 -2.52500
4.9360 -2.52571
4.9370 -2.52643
4.9380 -2.52714
4.9390 -2.52786
4.9400 -2.52857
4.9410 -2.52929
4.9420 -2.53000
4.9430 -2.53071
4.9440 -2.53143
4.9450 -2.53214
4.9460 -2.53286
4.9470 -2.53357
4.9480 -2.53429
4.9490 -2.53500
4.9500 -2.53571
4.9510 -2.53643
4.9520 -2.53714
4.9530 -2.53786
4.9540 -2.53857
4.9550 -2.53929
4.9560 -2.54000
4.9570 -2.54071
4.9580 -2.54143
4.9590 -2.54214
4.9600 -2.54286
4.9610 -2.54357
4.9620 -2.54429
4.9630 -2.54500
4.9640 -2.54571
4.9650 -2.54643
4.9660 -2.54714
4.9670 -2.54786
4.9680 -2.54857
4.9690 -2.54929
4.9700 -2.55000
4.9710 -2.55071
4.9720 -2.55143
4.9730 -2.55214
4.9740 -2.55286
4.9750 -2.55357
4.9760 -2.55429
4.9770 -2.55500
4.9780 -2.55571
4.9790 -2.55643
4.9800 -2.55714
4.9810 -2.55786
4.9820 -2.55857
4.9830 -2.55929
4.9840 -2.56000
4.9850 -2.56071
4.9860 -2.56143
4.9870 -2.56214
4.9880 -2.56286
4.9890 -2.56357
4.9900 -2.56429
4.9910 -2.56500
4.9920 -2.56571
4.9930 -2.56643
4.9940 -2.56714
4.9950 -2.56786
4.9960 -2.56857
4.9970 -2.56929
4.9980 -2.57000
4.9990 -2.57071
