0.0000 1.00000
0.0010 0.99857
0.0020 0.99572
0.0030 0.99144
0.0040 0.98576
0.0050 0.97867
0.0060 0.97018
0.0070 0.96032
0.0080 0.94909
0.0090 0.93651
0.0100 0.92260
0.0110 0.90739
0.0120 0.89089
0.0130 0.87313
0.0140 0.85414
0.0150 0.83393
0.0160 0.81256
0.0170 0.79003
0.0180 0.76640
0.0190 0.74168
0.0200 0.71592
0.0210 0.68916
0.0220 0.66144
0.0230 0.63279
0.0240 0.60325
0.0250 0.57288
0.0260 0.54170
0.0270 0.50978
0.0280 0.47715
0.0290 0.44386
0.0300 0.40997
0.0310 0.37551
0.0320 0.34053
0.0330 0.30510
0.0340 0.26926
0.0350 0.23306
0.0360 0.19655
0.0370 0.15978
0.0380 0.12282
0.0390 0.08570
0.0400 0.04849
0.0410 0.01124
0.0420 -0.02601
0.0430 -0.06319
0.0440 -0.10025
0.0450 -0.13714
0.0460 -0.17381
0.0470 -0.21021
0.0480 -0.24628
0.0490 -0.28197
0.0500 -0.31723
0.0510 -0.35202
0.0520 -0.38628
0.0530 -0.41996
0.0540 -0.45302
0.0550 -0.48540
0.0560 -0.51707
0.0570 -0.54798
0.0580 -0.57809
0.0590 -0.60734
0.0600 -0.63571
0.0610 -0.66315
0.0620 -0.68962
0.0630 -0.71509
0.0640 -0.73952
0.0650 -0.76288
0.0660 -0.78512
0.0670 -0.80623
0.0680 -0.82618
0.0690 -0.84493
0.0700 -0.86246
0.0710 -0.87874
0.0720 -0.89376
0.0730 -0.90749
0.0740 -0.91991
0.0750 -0.93101
0.0760 -0.94078
0.0770 -0.94919
0.0780 -0.95624
0.0790 -0.96192
0.0800 -0.96622
0.0810 -0.96914
0.0820 -0.97067
0.0830 -0.97081
0.0840 -0.96957
0.0850 -0.96694
0.0860 -0.96293
0.0870 -0.95755
0.0880 -0.95081
0.0890 -0.94271
0.0900 -0.93327
0.0910 -0.92250
0.0920 -0.91043
0.0930 -0.89706
0.0940 -0.88242
0.0950 -0.86653
0.0960 -0.84941
0.0970 -0.83110
0.0980 -0.81160
0.0990 -0.79097
0.1000 -0.76922
0.1010 -0.74638
0.1020 -0.72249
0.1030 -0.69759
0.1040 -0.67171
0.1050 -0.64489
0.1060 -0.61717
0.1070 -0.58859
0.1080 -0.55918
0.1090 -0.52900
0.1100 -0.49808
0.1110 -0.46647
0.1120 -0.43422
0.1130 -0.40138
0.1140 -0.36798
0.1150 -0.33408
0.1160 -0.29973
0.1170 -0.26497
0.1180 -0.22986
0.1190 -0.19445
0.1200 -0.15878
0.1210 -0.12292
0.1220 -0.08690
0.1230 -0.05078
0.1240 -0.01462
0.1250 0.02154
0.1260 0.05764
0.1270 0.09363
0.1280 0.12946
0.1290 0.16508
0.1300 0.20045
0.1310 0.23549
0.1320 0.27018
0.1330 0.30446
0.1340 0.33828
0.1350 0.37159
0.1360 0.40434
0.1370 0.43650
0.1380 0.46801
0.1390 0.49882
0.1400 0.52891
0.1410 0.55821
0.1420 0.58670
0.1430 0.61433
0.1440 0.64106
0.1450 0.66686
0.1460 0.69168
0.1470 0.71550
0.1480 0.73828
0.1490 0.75999
0.1500 0.78060
0.1510 0.80008
0.1520 0.81840
0.1530 0.83554
0.1540 0.85147
0.1550 0.86618
0.1560 0.87963
0.1570 0.89182
0.1580 0.90273
0.1590 0.91234
0.1600 0.92065
0.1610 0.92762
0.1620 0.93327
0.1630 0.93759
0.1640 0.94056
0.1650 0.94218
0.1660 0.94246
0.1670 0.94139
0.1680 0.93898
0.1690 0.93522
0.1700 0.93014
0.1710 0.92372
0.1720 0.91600
0.1730 0.90697
0.1740 0.89665
0.1750 0.88506
0.1760 0.87221
0.1770 0.85812
0.1780 0.84282
0.1790 0.82633
0.1800 0.80866
0.1810 0.78986
0.1820 0.76994
0.1830 0.74893
0.1840 0.72687
0.1850 0.70378
0.1860 0.67971
0.1870 0.65468
0.1880 0.62874
0.1890 0.60192
0.1900 0.57425
0.1910 0.54579
0.1920 0.51656
0.1930 0.48662
0.1940 0.45601
0.1950 0.42476
0.1960 0.39293
0.1970 0.36056
0.1980 0.32770
0.1990 0.29440
0.2000 0.26070
0.2010 0.22665
0.2020 0.19230
0.2030 0.15770
0.2040 0.12290
0.2050 0.08795
0.2060 0.05290
0.2070 0.01780
0.2080 -0.01730
0.2090 -0.05236
0.2100 -0.08731
0.2110 -0.12211
0.2120 -0.15672
0.2130 -0.19107
0.2140 -0.22513
0.2150 -0.25884
0.2160 -0.29216
0.2170 -0.32503
0.2180 -0.35742
0.2190 -0.38928
0.2200 -0.42055
0.2210 -0.45121
0.2220 -0.48119
0.2230 -0.51047
0.2240 -0.53900
0.2250 -0.56674
0.2260 -0.59364
0.2270 -0.61968
0.2280 -0.64482
0.2290 -0.66902
0.2300 -0.69224
0.2310 -0.71446
0.2320 -0.73564
0.2330 -0.75576
0.2340 -0.77478
0.2350 -0.79268
0.2360 -0.80944
0.2370 -0.82503
0.2380 -0.83943
0.2390 -0.85262
0.2400 -0.86458
0.2410 -0.87530
0.2420 -0.88476
0.2430 -0.89294
0.2440 -0.89985
0.2450 -0.90547
0.2460 -0.90979
0.2470 -0.91281
0.2480 -0.91452
0.2490 -0.91492
0.2500 -0.91402
0.2510 -0.91181
0.2520 -0.90830
0.2530 -0.90349
0.2540 -0.89740
0.2550 -0.89003
0.2560 -0.88139
0.2570 -0.87150
0.2580 -0.86038
0.2590 -0.84803
0.2600 -0.83448
0.2610 -0.81974
0.2620 -0.80385
0.2630 -0.78682
0.2640 -0.76867
0.2650 -0.74945
0.2660 -0.72916
0.2670 -0.70785
0.2680 -0.68554
0.2690 -0.66227
0.2700 -0.63807
0.2710 -0.61297
0.2720 -0.58702
0.2730 -0.56025
0.2740 -0.53269
0.2750 -0.50440
0.2760 -0.47540
0.2770 -0.44575
0.2780 -0.41548
0.2790 -0.38463
0.2800 -0.35326
0.2810 -0.32141
0.2820 -0.28912
0.2830 -0.25645
0.2840 -0.22343
0.2850 -0.19011
0.2860 -0.15654
0.2870 -0.12278
0.2880 -0.08887
0.2890 -0.05485
0.2900 -0.02078
0.2910 0.01330
0.2920 0.04734
0.2930 0.08128
0.2940 0.11508
0.2950 0.14869
0.2960 0.18207
0.2970 0.21516
0.2980 0.24793
0.2990 0.28031
0.3000 0.31227
0.3010 0.34376
0.3020 0.37474
0.3030 0.40516
0.3040 0.43498
0.3050 0.46416
0.3060 0.49265
0.3070 0.52042
0.3080 0.54743
0.3090 0.57363
0.3100 0.59900
0.3110 0.62349
0.3120 0.64708
0.3130 0.66972
0.3140 0.69139
0.3150 0.71206
0.3160 0.73169
0.3170 0.75027
0.3180 0.76776
0.3190 0.78414
0.3200 0.79939
0.3210 0.81349
0.3220 0.82641
0.3230 0.83815
0.3240 0.84868
0.3250 0.85799
0.3260 0.86606
0.3270 0.87290
0.3280 0.87848
0.3290 0.88280
0.3300 0.88586
0.3310 0.88765
0.3320 0.88817
0.3330 0.88743
0.3340 0.88541
0.3350 0.88213
0.3360 0.87760
0.3370 0.87181
0.3380 0.86478
0.3390 0.85653
0.3400 0.84705
0.3410 0.83637
0.3420 0.82450
0.3430 0.81147
0.3440 0.79728
0.3450 0.78197
0.3460 0.76555
0.3470 0.74804
0.3480 0.72949
0.3490 0.70990
0.3500 0.68931
0.3510 0.66775
0.3520 0.64526
0.3530 0.62185
0.3540 0.59758
0.3550 0.57247
0.3560 0.54656
0.3570 0.51989
0.3580 0.49249
0.3590 0.46441
0.3600 0.43569
0.3610 0.40636
0.3620 0.37648
0.3630 0.34608
0.3640 0.31520
0.3650 0.28390
0.3660 0.25222
0.3670 0.22019
0.3680 0.18788
0.3690 0.15532
0.3700 0.12256
0.3710 0.08965
0.3720 0.05664
0.3730 0.02356
0.3740 -0.00952
0.3750 -0.04256
0.3760 -0.07552
0.3770 -0.10835
0.3780 -0.14100
0.3790 -0.17343
0.3800 -0.20559
0.3810 -0.23742
0.3820 -0.26890
0.3830 -0.29997
0.3840 -0.33059
0.3850 -0.36072
0.3860 -0.39030
0.3870 -0.41931
0.3880 -0.44770
0.3890 -0.47543
0.3900 -0.50246
0.3910 -0.52876
0.3920 -0.55428
0.3930 -0.57899
0.3940 -0.60285
0.3950 -0.62584
0.3960 -0.64792
0.3970 -0.66905
0.3980 -0.68921
0.3990 -0.70838
0.4000 -0.72652
0.4010 -0.74361
0.4020 -0.75962
0.4030 -0.77454
0.4040 -0.78834
0.4050 -0.80100
0.4060 -0.81251
0.4070 -0.82286
0.4080 -0.83201
0.4090 -0.83998
0.4100 -0.84674
0.4110 -0.85228
0.4120 -0.85660
0.4130 -0.85970
0.4140 -0.86156
0.4150 -0.86220
0.4160 -0.86160
0.4170 -0.85977
0.4180 -0.85671
0.4190 -0.85243
0.4200 -0.84694
0.4210 -0.84024
0.4220 -0.83235
0.4230 -0.82327
0.4240 -0.81302
0.4250 -0.80162
0.4260 -0.78908
0.4270 -0.77542
0.4280 -0.76067
0.4290 -0.74484
0.4300 -0.72795
0.4310 -0.71004
0.4320 -0.69113
0.4330 -0.67124
0.4340 -0.65041
0.4350 -0.62866
0.4360 -0.60603
0.4370 -0.58256
0.4380 -0.55826
0.4390 -0.53319
0.4400 -0.50737
0.4410 -0.48085
0.4420 -0.45365
0.4430 -0.42583
0.4440 -0.39742
0.4450 -0.36847
0.4460 -0.33901
0.4470 -0.30908
0.4480 -0.27873
0.4490 -0.24801
0.4500 -0.21696
0.4510 -0.18561
0.4520 -0.15403
0.4530 -0.12225
0.4540 -0.09031
0.4550 -0.05827
0.4560 -0.02617
0.4570 0.00594
0.4580 0.03803
0.4590 0.07004
0.4600 0.10192
0.4610 0.13364
0.4620 0.16514
0.4630 0.19638
0.4640 0.22732
0.4650 0.25792
0.4660 0.28812
0.4670 0.31789
0.4680 0.34719
0.4690 0.37596
0.4700 0.40418
0.4710 0.43181
0.4720 0.45879
0.4730 0.48510
0.4740 0.51070
0.4750 0.53556
0.4760 0.55963
0.4770 0.58288
0.4780 0.60528
0.4790 0.62680
0.4800 0.64742
0.4810 0.66709
0.4820 0.68579
0.4830 0.70350
0.4840 0.72020
0.4850 0.73585
0.4860 0.75044
0.4870 0.76395
0.4880 0.77636
0.4890 0.78765
0.4900 0.79781
0.4910 0.80682
0.4920 0.81467
0.4930 0.82135
0.4940 0.82685
0.4950 0.83117
0.4960 0.83430
0.4970 0.83623
0.4980 0.83697
0.4990 0.83651
0.5000 0.83485
0.5010 0.83201
0.5020 0.82798
0.5030 0.82276
0.5040 0.81638
0.5050 0.80884
0.5060 0.80014
0.5070 0.79031
0.5080 0.77936
0.5090 0.76730
0.5100 0.75415
0.5110 0.73993
0.5120 0.72467
0.5130 0.70839
0.5140 0.69110
0.5150 0.67284
0.5160 0.65363
0.5170 0.63350
0.5180 0.61248
0.5190 0.59060
0.5200 0.56789
0.5210 0.54439
0.5220 0.52012
0.5230 0.49513
0.5240 0.46945
0.5250 0.44312
0.5260 0.41618
0.5270 0.38865
0.5280 0.36060
0.5290 0.33205
0.5300 0.30304
0.5310 0.27362
0.5320 0.24383
0.5330 0.21372
0.5340 0.18332
0.5350 0.15268
0.5360 0.12185
0.5370 0.09086
0.5380 0.05976
0.5390 0.02861
0.5400 -0.00257
0.5410 -0.03372
0.5420 -0.06480
0.5430 -0.09577
0.5440 -0.12657
0.5450 -0.15718
0.5460 -0.18754
0.5470 -0.21760
0.5480 -0.24734
0.5490 -0.27670
0.5500 -0.30564
0.5510 -0.33413
0.5520 -0.36212
0.5530 -0.38957
0.5540 -0.41645
0.5550 -0.44271
0.5560 -0.46832
0.5570 -0.49325
0.5580 -0.51745
0.5590 -0.54089
0.5600 -0.56355
0.5610 -0.58538
0.5620 -0.60636
0.5630 -0.62646
0.5640 -0.64566
0.5650 -0.66391
0.5660 -0.68121
0.5670 -0.69751
0.5680 -0.71281
0.5690 -0.72708
0.5700 -0.74031
0.5710 -0.75246
0.5720 -0.76353
0.5730 -0.77351
0.5740 -0.78237
0.5750 -0.79010
0.5760 -0.79671
0.5770 -0.80217
0.5780 -0.80648
0.5790 -0.80963
0.5800 -0.81163
0.5810 -0.81246
0.5820 -0.81214
0.5830 -0.81065
0.5840 -0.80801
0.5850 -0.80421
0.5860 -0.79927
0.5870 -0.79319
0.5880 -0.78598
0.5890 -0.77765
0.5900 -0.76822
0.5910 -0.75770
0.5920 -0.74610
0.5930 -0.73345
0.5940 -0.71975
0.5950 -0.70504
0.5960 -0.68933
0.5970 -0.67265
0.5980 -0.65502
0.5990 -0.63646
0.6000 -0.61701
0.6010 -0.59669
0.6020 -0.57554
0.6030 -0.55358
0.6040 -0.53084
0.6050 -0.50736
0.6060 -0.48317
0.6070 -0.45831
0.6080 -0.43281
0.6090 -0.40671
0.6100 -0.38005
0.6110 -0.35287
0.6120 -0.32520
0.6130 -0.29708
0.6140 -0.26857
0.6150 -0.23968
0.6160 -0.21048
0.6170 -0.18100
0.6180 -0.15128
0.6190 -0.12136
0.6200 -0.09129
0.6210 -0.06112
0.6220 -0.03087
0.6230 -0.00061
0.6240 0.02963
0.6250 0.05981
0.6260 0.08989
0.6270 0.11981
0.6280 0.14954
0.6290 0.17904
0.6300 0.20826
0.6310 0.23716
0.6320 0.26570
0.6330 0.29384
0.6340 0.32154
0.6350 0.34876
0.6360 0.37547
0.6370 0.40162
0.6380 0.42717
0.6390 0.45210
0.6400 0.47637
0.6410 0.49993
0.6420 0.52277
0.6430 0.54484
0.6440 0.56612
0.6450 0.58657
0.6460 0.60618
0.6470 0.62490
0.6480 0.64271
0.6490 0.65960
0.6500 0.67553
0.6510 0.69048
0.6520 0.70444
0.6530 0.71738
0.6540 0.72929
0.6550 0.74014
0.6560 0.74993
0.6570 0.75865
0.6580 0.76627
0.6590 0.77279
0.6600 0.77821
0.6610 0.78251
0.6620 0.78568
0.6630 0.78774
0.6640 0.78866
0.6650 0.78846
0.6660 0.78713
0.6670 0.78468
0.6680 0.78111
0.6690 0.77643
0.6700 0.77064
0.6710 0.76375
0.6720 0.75578
0.6730 0.74674
0.6740 0.73663
0.6750 0.72548
0.6760 0.71330
0.6770 0.70011
0.6780 0.68593
0.6790 0.67077
0.6800 0.65468
0.6810 0.63765
0.6820 0.61973
0.6830 0.60094
0.6840 0.58130
0.6850 0.56085
0.6860 0.53961
0.6870 0.51761
0.6880 0.49489
0.6890 0.47148
0.6900 0.44741
0.6910 0.42272
0.6920 0.39744
0.6930 0.37161
0.6940 0.34528
0.6950 0.31846
0.6960 0.29121
0.6970 0.26357
0.6980 0.23557
0.6990 0.20725
0.7000 0.17865
0.7010 0.14982
0.7020 0.12080
0.7030 0.09162
0.7040 0.06234
0.7050 0.03299
0.7060 0.00361
0.7070 -0.02576
0.7080 -0.05506
0.7090 -0.08427
0.7100 -0.11333
0.7110 -0.14221
0.7120 -0.17087
0.7130 -0.19927
0.7140 -0.22735
0.7150 -0.25510
0.7160 -0.28246
0.7170 -0.30939
0.7180 -0.33587
0.7190 -0.36185
0.7200 -0.38729
0.7210 -0.41216
0.7220 -0.43642
0.7230 -0.46004
0.7240 -0.48299
0.7250 -0.50523
0.7260 -0.52674
0.7270 -0.54747
0.7280 -0.56741
0.7290 -0.58653
0.7300 -0.60479
0.7310 -0.62218
0.7320 -0.63866
0.7330 -0.65422
0.7340 -0.66884
0.7350 -0.68249
0.7360 -0.69515
0.7370 -0.70681
0.7380 -0.71746
0.7390 -0.72707
0.7400 -0.73563
0.7410 -0.74314
0.7420 -0.74959
0.7430 -0.75495
0.7440 -0.75924
0.7450 -0.76243
0.7460 -0.76454
0.7470 -0.76555
0.7480 -0.76547
0.7490 -0.76429
0.7500 -0.76202
0.7510 -0.75867
0.7520 -0.75423
0.7530 -0.74872
0.7540 -0.74215
0.7550 -0.73452
0.7560 -0.72584
0.7570 -0.71613
0.7580 -0.70541
0.7590 -0.69369
0.7600 -0.68099
0.7610 -0.66732
0.7620 -0.65270
0.7630 -0.63717
0.7640 -0.62074
0.7650 -0.60343
0.7660 -0.58527
0.7670 -0.56629
0.7680 -0.54651
0.7690 -0.52597
0.7700 -0.50469
0.7710 -0.48271
0.7720 -0.46005
0.7730 -0.43675
0.7740 -0.41284
0.7750 -0.38836
0.7760 -0.36334
0.7770 -0.33782
0.7780 -0.31184
0.7790 -0.28543
0.7800 -0.25863
0.7810 -0.23148
0.7820 -0.20402
0.7830 -0.17629
0.7840 -0.14832
0.7850 -0.12016
0.7860 -0.09186
0.7870 -0.06344
0.7880 -0.03495
0.7890 -0.00643
0.7900 0.02208
0.7910 0.05053
0.7920 0.07890
0.7930 0.10713
0.7940 0.13519
0.7950 0.16303
0.7960 0.19062
0.7970 0.21792
0.7980 0.24489
0.7990 0.27149
0.8000 0.29768
0.8010 0.32343
0.8020 0.34870
0.8030 0.37345
0.8040 0.39765
0.8050 0.42126
0.8060 0.44426
0.8070 0.46661
0.8080 0.48827
0.8090 0.50922
0.8100 0.52943
0.8110 0.54886
0.8120 0.56750
0.8130 0.58532
0.8140 0.60228
0.8150 0.61838
0.8160 0.63358
0.8170 0.64786
0.8180 0.66120
0.8190 0.67360
0.8200 0.68502
0.8210 0.69545
0.8220 0.70489
0.8230 0.71331
0.8240 0.72070
0.8250 0.72706
0.8260 0.73238
0.8270 0.73665
0.8280 0.73986
0.8290 0.74201
0.8300 0.74310
0.8310 0.74313
0.8320 0.74210
0.8330 0.74001
0.8340 0.73686
0.8350 0.73266
0.8360 0.72742
0.8370 0.72114
0.8380 0.71384
0.8390 0.70552
0.8400 0.69620
0.8410 0.68589
0.8420 0.67461
0.8430 0.66237
0.8440 0.64920
0.8450 0.63511
0.8460 0.62012
0.8470 0.60426
0.8480 0.58754
0.8490 0.57000
0.8500 0.55165
0.8510 0.53253
0.8520 0.51266
0.8530 0.49208
0.8540 0.47081
0.8550 0.44888
0.8560 0.42632
0.8570 0.40317
0.8580 0.37946
0.8590 0.35523
0.8600 0.33050
0.8610 0.30532
0.8620 0.27973
0.8630 0.25375
0.8640 0.22743
0.8650 0.20080
0.8660 0.17390
0.8670 0.14678
0.8680 0.11946
0.8690 0.09200
0.8700 0.06442
0.8710 0.03677
0.8720 0.00908
0.8730 -0.01859
0.8740 -0.04622
0.8750 -0.07377
0.8760 -0.10119
0.8770 -0.12844
0.8780 -0.15550
0.8790 -0.18231
0.8800 -0.20884
0.8810 -0.23505
0.8820 -0.26091
0.8830 -0.28638
0.8840 -0.31142
0.8850 -0.33600
0.8860 -0.36008
0.8870 -0.38363
0.8880 -0.40661
0.8890 -0.42900
0.8900 -0.45076
0.8910 -0.47186
0.8920 -0.49227
0.8930 -0.51196
0.8940 -0.53091
0.8950 -0.54908
0.8960 -0.56646
0.8970 -0.58301
0.8980 -0.59872
0.8990 -0.61357
0.9000 -0.62752
0.9010 -0.64057
0.9020 -0.65270
0.9030 -0.66389
0.9040 -0.67411
0.9050 -0.68337
0.9060 -0.69165
0.9070 -0.69893
0.9080 -0.70521
0.9090 -0.71047
0.9100 -0.71472
0.9110 -0.71794
0.9120 -0.72014
0.9130 -0.72130
0.9140 -0.72144
0.9150 -0.72054
0.9160 -0.71861
0.9170 -0.71566
0.9180 -0.71169
0.9190 -0.70671
0.9200 -0.70071
0.9210 -0.69373
0.9220 -0.68575
0.9230 -0.67680
0.9240 -0.66690
0.9250 -0.65604
0.9260 -0.64426
0.9270 -0.63156
0.9280 -0.61797
0.9290 -0.60351
0.9300 -0.58820
0.9310 -0.57206
0.9320 -0.55511
0.9330 -0.53738
0.9340 -0.51889
0.9350 -0.49968
0.9360 -0.47977
0.9370 -0.45918
0.9380 -0.43796
0.9390 -0.41612
0.9400 -0.39371
0.9410 -0.37075
0.9420 -0.34727
0.9430 -0.32332
0.9440 -0.29892
0.9450 -0.27411
0.9460 -0.24893
0.9470 -0.22341
0.9480 -0.19759
0.9490 -0.17151
0.9500 -0.14520
0.9510 -0.11870
0.9520 -0.09205
0.9530 -0.06528
0.9540 -0.03845
0.9550 -0.01158
0.9560 0.01529
0.9570 0.04212
0.9580 0.06887
0.9590 0.09550
0.9600 0.12198
0.9610 0.14826
0.9620 0.17431
0.9630 0.20010
0.9640 0.22558
0.9650 0.25072
0.9660 0.27548
0.9670 0.29984
0.9680 0.32374
0.9690 0.34717
0.9700 0.37009
0.9710 0.39246
0.9720 0.41425
0.9730 0.43543
0.9740 0.45598
0.9750 0.47587
0.9760 0.49505
0.9770 0.51352
0.9780 0.53124
0.9790 0.54819
0.9800 0.56435
0.9810 0.57968
0.9820 0.59418
0.9830 0.60782
0.9840 0.62058
0.9850 0.63244
0.9860 0.64339
0.9870 0.65342
0.9880 0.66250
0.9890 0.67063
0.9900 0.67780
0.9910 0.68400
0.9920 0.68921
0.9930 0.69343
0.9940 0.69667
0.9950 0.69890
0.9960 0.70013
0.9970 0.70036
0.9980 0.69960
0.9990 0.69783
1.0000 0.69507
1.0010 0.69131
1.0020 0.68657
1.0030 0.68086
1.0040 0.67417
1.0050 0.66653
1.0060 0.65794
1.0070 0.64842
1.0080 0.63797
1.0090 0.62663
1.0100 0.61439
1.0110 0.60129
1.0120 0.58734
1.0130 0.57255
1.0140 0.55697
1.0150 0.54059
1.0160 0.52346
1.0170 0.50559
1.0180 0.48701
1.0190 0.46775
1.0200 0.44783
1.0210 0.42729
1.0220 0.40615
1.0230 0.38445
1.0240 0.36221
1.0250 0.33947
1.0260 0.31627
1.0270 0.29263
1.0280 0.26858
1.0290 0.24417
1.0300 0.21943
1.0310 0.19440
1.0320 0.16910
1.0330 0.14358
1.0340 0.11787
1.0350 0.09202
1.0360 0.06605
1.0370 0.04000
1.0380 0.01392
1.0390 -0.01217
1.0400 -0.03822
1.0410 -0.06420
1.0420 -0.09006
1.0430 -0.11578
1.0440 -0.14132
1.0450 -0.16663
1.0460 -0.19169
1.0470 -0.21646
1.0480 -0.24090
1.0490 -0.26498
1.0500 -0.28866
1.0510 -0.31191
1.0520 -0.33470
1.0530 -0.35700
1.0540 -0.37877
1.0550 -0.39999
1.0560 -0.42061
1.0570 -0.44063
1.0580 -0.45999
1.0590 -0.47869
1.0600 -0.49669
1.0610 -0.51397
1.0620 -0.53050
1.0630 -0.54626
1.0640 -0.56123
1.0650 -0.57539
1.0660 -0.58872
1.0670 -0.60119
1.0680 -0.61280
1.0690 -0.62352
1.0700 -0.63335
1.0710 -0.64226
1.0720 -0.65025
1.0730 -0.65730
1.0740 -0.66341
1.0750 -0.66857
1.0760 -0.67277
1.0770 -0.67601
1.0780 -0.67828
1.0790 -0.67957
1.0800 -0.67990
1.0810 -0.67925
1.0820 -0.67764
1.0830 -0.67505
1.0840 -0.67151
1.0850 -0.66700
1.0860 -0.66155
1.0870 -0.65516
1.0880 -0.64784
1.0890 -0.63959
1.0900 -0.63044
1.0910 -0.62039
1.0920 -0.60947
1.0930 -0.59768
1.0940 -0.58504
1.0950 -0.57158
1.0960 -0.55731
1.0970 -0.54226
1.0980 -0.52644
1.0990 -0.50988
1.1000 -0.49261
1.1010 -0.47464
1.1020 -0.45601
1.1030 -0.43674
1.1040 -0.41686
1.1050 -0.39640
1.1060 -0.37539
1.1070 -0.35385
1.1080 -0.33183
1.1090 -0.30935
1.1100 -0.28644
1.1110 -0.26314
1.1120 -0.23948
1.1130 -0.21549
1.1140 -0.19122
1.1150 -0.16668
1.1160 -0.14193
1.1170 -0.11699
1.1180 -0.09191
1.1190 -0.06671
1.1200 -0.04143
1.1210 -0.01611
1.1220 0.00922
1.1230 0.03451
1.1240 0.05973
1.1250 0.08486
1.1260 0.10984
1.1270 0.13465
1.1280 0.15924
1.1290 0.18360
1.1300 0.20767
1.1310 0.23143
1.1320 0.25484
1.1330 0.27787
1.1340 0.30049
1.1350 0.32266
1.1360 0.34436
1.1370 0.36555
1.1380 0.38620
1.1390 0.40628
1.1400 0.42577
1.1410 0.44464
1.1420 0.46286
1.1430 0.48040
1.1440 0.49725
1.1450 0.51337
1.1460 0.52875
1.1470 0.54336
1.1480 0.55718
1.1490 0.57020
1.1500 0.58240
1.1510 0.59375
1.1520 0.60425
1.1530 0.61388
1.1540 0.62262
1.1550 0.63047
1.1560 0.63741
1.1570 0.64344
1.1580 0.64854
1.1590 0.65272
1.1600 0.65595
1.1610 0.65825
1.1620 0.65961
1.1630 0.66002
1.1640 0.65949
1.1650 0.65802
1.1660 0.65561
1.1670 0.65226
1.1680 0.64798
1.1690 0.64279
1.1700 0.63667
1.1710 0.62965
1.1720 0.62174
1.1730 0.61295
1.1740 0.60328
1.1750 0.59276
1.1760 0.58141
1.1770 0.56922
1.1780 0.55624
1.1790 0.54247
1.1800 0.52793
1.1810 0.51265
1.1820 0.49665
1.1830 0.47995
1.1840 0.46258
1.1850 0.44456
1.1860 0.42591
1.1870 0.40668
1.1880 0.38687
1.1890 0.36652
1.1900 0.34567
1.1910 0.32434
1.1920 0.30256
1.1930 0.28036
1.1940 0.25778
1.1950 0.23485
1.1960 0.21159
1.1970 0.18805
1.1980 0.16426
1.1990 0.14025
1.2000 0.11606
1.2010 0.09172
1.2020 0.06727
1.2030 0.04274
1.2040 0.01816
1.2050 -0.00642
1.2060 -0.03098
1.2070 -0.05548
1.2080 -0.07988
1.2090 -0.10414
1.2100 -0.12824
1.2110 -0.15215
1.2120 -0.17581
1.2130 -0.19921
1.2140 -0.22231
1.2150 -0.24507
1.2160 -0.26747
1.2170 -0.28947
1.2180 -0.31103
1.2190 -0.33214
1.2200 -0.35276
1.2210 -0.37287
1.2220 -0.39242
1.2230 -0.41140
1.2240 -0.42978
1.2250 -0.44753
1.2260 -0.46463
1.2270 -0.48105
1.2280 -0.49678
1.2290 -0.51178
1.2300 -0.52604
1.2310 -0.53954
1.2320 -0.55226
1.2330 -0.56418
1.2340 -0.57529
1.2350 -0.58557
1.2360 -0.59500
1.2370 -0.60358
1.2380 -0.61129
1.2390 -0.61812
1.2400 -0.62406
1.2410 -0.62910
1.2420 -0.63325
1.2430 -0.63648
1.2440 -0.63881
1.2450 -0.64022
1.2460 -0.64071
1.2470 -0.64029
1.2480 -0.63896
1.2490 -0.63671
1.2500 -0.63355
1.2510 -0.62950
1.2520 -0.62454
1.2530 -0.61870
1.2540 -0.61197
1.2550 -0.60438
1.2560 -0.59593
1.2570 -0.58664
1.2580 -0.57651
1.2590 -0.56557
1.2600 -0.55382
1.2610 -0.54130
1.2620 -0.52801
1.2630 -0.51397
1.2640 -0.49921
1.2650 -0.48375
1.2660 -0.46761
1.2670 -0.45081
1.2680 -0.43338
1.2690 -0.41534
1.2700 -0.39672
1.2710 -0.37755
1.2720 -0.35785
1.2730 -0.33766
1.2740 -0.31700
1.2750 -0.29590
1.2760 -0.27439
1.2770 -0.25250
1.2780 -0.23028
1.2790 -0.20773
1.2800 -0.18491
1.2810 -0.16184
1.2820 -0.13855
1.2830 -0.11509
1.2840 -0.09147
1.2850 -0.06774
1.2860 -0.04393
1.2870 -0.02008
1.2880 0.00379
1.2890 0.02763
1.2900 0.05142
1.2910 0.07511
1.2920 0.09869
1.2930 0.12210
1.2940 0.14532
1.2950 0.16832
1.2960 0.19106
1.2970 0.21352
1.2980 0.23565
1.2990 0.25743
1.3000 0.27882
1.3010 0.29981
1.3020 0.32035
1.3030 0.34041
1.3040 0.35998
1.3050 0.37902
1.3060 0.39750
1.3070 0.41540
1.3080 0.43270
1.3090 0.44936
1.3100 0.46537
1.3110 0.48071
1.3120 0.49535
1.3130 0.50927
1.3140 0.52245
1.3150 0.53487
1.3160 0.54653
1.3170 0.55739
1.3180 0.56745
1.3190 0.57669
1.3200 0.58511
1.3210 0.59268
1.3220 0.59939
1.3230 0.60525
1.3240 0.61024
1.3250 0.61435
1.3260 0.61758
1.3270 0.61993
1.3280 0.62139
1.3290 0.62196
1.3300 0.62164
1.3310 0.62044
1.3320 0.61835
1.3330 0.61537
1.3340 0.61152
1.3350 0.60680
1.3360 0.60122
1.3370 0.59478
1.3380 0.58750
1.3390 0.57938
1.3400 0.57044
1.3410 0.56069
1.3420 0.55015
1.3430 0.53883
1.3440 0.52674
1.3450 0.51392
1.3460 0.50037
1.3470 0.48611
1.3480 0.47117
1.3490 0.45557
1.3500 0.43932
1.3510 0.42246
1.3520 0.40501
1.3530 0.38700
1.3540 0.36844
1.3550 0.34937
1.3560 0.32981
1.3570 0.30980
1.3580 0.28936
1.3590 0.26852
1.3600 0.24731
1.3610 0.22577
1.3620 0.20391
1.3630 0.18179
1.3640 0.15941
1.3650 0.13683
1.3660 0.11406
1.3670 0.09115
1.3680 0.06813
1.3690 0.04502
1.3700 0.02187
1.3710 -0.00130
1.3720 -0.02445
1.3730 -0.04755
1.3740 -0.07056
1.3750 -0.09346
1.3760 -0.11620
1.3770 -0.13877
1.3780 -0.16112
1.3790 -0.18322
1.3800 -0.20505
1.3810 -0.22657
1.3820 -0.24774
1.3830 -0.26855
1.3840 -0.28897
1.3850 -0.30895
1.3860 -0.32848
1.3870 -0.34752
1.3880 -0.36606
1.3890 -0.38406
1.3900 -0.40149
1.3910 -0.41834
1.3920 -0.43459
1.3930 -0.45020
1.3940 -0.46515
1.3950 -0.47943
1.3960 -0.49301
1.3970 -0.50588
1.3980 -0.51802
1.3990 -0.52941
1.4000 -0.54004
1.4010 -0.54989
1.4020 -0.55894
1.4030 -0.56719
1.4040 -0.57462
1.4050 -0.58123
1.4060 -0.58700
1.4070 -0.59193
1.4080 -0.59601
1.4090 -0.59923
1.4100 -0.60160
1.4110 -0.60311
1.4120 -0.60375
1.4130 -0.60353
1.4140 -0.60245
1.4150 -0.60051
1.4160 -0.59771
1.4170 -0.59406
1.4180 -0.58956
1.4190 -0.58423
1.4200 -0.57806
1.4210 -0.57107
1.4220 -0.56328
1.4230 -0.55468
1.4240 -0.54529
1.4250 -0.53514
1.4260 -0.52423
1.4270 -0.51257
1.4280 -0.50019
1.4290 -0.48711
1.4300 -0.47334
1.4310 -0.45890
1.4320 -0.44382
1.4330 -0.42812
1.4340 -0.41181
1.4350 -0.39493
1.4360 -0.37749
1.4370 -0.35953
1.4380 -0.34107
1.4390 -0.32214
1.4400 -0.30275
1.4410 -0.28295
1.4420 -0.26276
1.4430 -0.24221
1.4440 -0.22132
1.4450 -0.20014
1.4460 -0.17868
1.4470 -0.15699
1.4480 -0.13508
1.4490 -0.11300
1.4500 -0.09078
1.4510 -0.06843
1.4520 -0.04601
1.4530 -0.02354
1.4540 -0.00105
1.4550 0.02143
1.4560 0.04386
1.4570 0.06621
1.4580 0.08845
1.4590 0.11054
1.4600 0.13247
1.4610 0.15419
1.4620 0.17567
1.4630 0.19689
1.4640 0.21781
1.4650 0.23840
1.4660 0.25864
1.4670 0.27850
1.4680 0.29794
1.4690 0.31694
1.4700 0.33548
1.4710 0.35353
1.4720 0.37105
1.4730 0.38804
1.4740 0.40445
1.4750 0.42028
1.4760 0.43550
1.4770 0.45008
1.4780 0.46401
1.4790 0.47727
1.4800 0.48984
1.4810 0.50169
1.4820 0.51283
1.4830 0.52322
1.4840 0.53285
1.4850 0.54172
1.4860 0.54981
1.4870 0.55711
1.4880 0.56360
1.4890 0.56929
1.4900 0.57416
1.4910 0.57820
1.4920 0.58142
1.4930 0.58380
1.4940 0.58535
1.4950 0.58606
1.4960 0.58593
1.4970 0.58497
1.4980 0.58317
1.4990 0.58054
1.5000 0.57708
1.5010 0.57280
1.5020 0.56770
1.5030 0.56180
1.5040 0.55510
1.5050 0.54761
1.5060 0.53934
1.5070 0.53031
1.5080 0.52053
1.5090 0.51001
1.5100 0.49877
1.5110 0.48683
1.5120 0.47420
1.5130 0.46090
1.5140 0.44695
1.5150 0.43237
1.5160 0.41718
1.5170 0.40142
1.5180 0.38508
1.5190 0.36821
1.5200 0.35083
1.5210 0.33296
1.5220 0.31462
1.5230 0.29585
1.5240 0.27667
1.5250 0.25710
1.5260 0.23719
1.5270 0.21695
1.5280 0.19641
1.5290 0.17561
1.5300 0.15457
1.5310 0.13332
1.5320 0.11190
1.5330 0.09034
1.5340 0.06866
1.5350 0.04690
1.5360 0.02509
1.5370 0.00326
1.5380 -0.01856
1.5390 -0.04034
1.5400 -0.06205
1.5410 -0.08365
1.5420 -0.10512
1.5430 -0.12642
1.5440 -0.14752
1.5450 -0.16840
1.5460 -0.18903
1.5470 -0.20937
1.5480 -0.22939
1.5490 -0.24908
1.5500 -0.26839
1.5510 -0.28731
1.5520 -0.30580
1.5530 -0.32384
1.5540 -0.34141
1.5550 -0.35847
1.5560 -0.37502
1.5570 -0.39101
1.5580 -0.40644
1.5590 -0.42127
1.5600 -0.43549
1.5610 -0.44908
1.5620 -0.46202
1.5630 -0.47429
1.5640 -0.48587
1.5650 -0.49675
1.5660 -0.50691
1.5670 -0.51634
1.5680 -0.52503
1.5690 -0.53296
1.5700 -0.54012
1.5710 -0.54650
1.5720 -0.55211
1.5730 -0.55691
1.5740 -0.56092
1.5750 -0.56413
1.5760 -0.56652
1.5770 -0.56811
1.5780 -0.56888
1.5790 -0.56884
1.5800 -0.56799
1.5810 -0.56633
1.5820 -0.56386
1.5830 -0.56058
1.5840 -0.55651
1.5850 -0.55164
1.5860 -0.54599
1.5870 -0.53956
1.5880 -0.53237
1.5890 -0.52442
1.5900 -0.51573
1.5910 -0.50631
1.5920 -0.49617
1.5930 -0.48533
1.5940 -0.47381
1.5950 -0.46161
1.5960 -0.44877
1.5970 -0.43529
1.5980 -0.42120
1.5990 -0.40652
1.6000 -0.39127
1.6010 -0.37547
1.6020 -0.35915
1.6030 -0.34232
1.6040 -0.32502
1.6050 -0.30726
1.6060 -0.28908
1.6070 -0.27050
1.6080 -0.25155
1.6090 -0.23225
1.6100 -0.21263
1.6110 -0.19272
1.6120 -0.17255
1.6130 -0.15215
1.6140 -0.13155
1.6150 -0.11077
1.6160 -0.08985
1.6170 -0.06882
1.6180 -0.04770
1.6190 -0.02653
1.6200 -0.00534
1.6210 0.01585
1.6220 0.03699
1.6230 0.05807
1.6240 0.07906
1.6250 0.09991
1.6260 0.12060
1.6270 0.14111
1.6280 0.16141
1.6290 0.18145
1.6300 0.20123
1.6310 0.22070
1.6320 0.23984
1.6330 0.25863
1.6340 0.27703
1.6350 0.29503
1.6360 0.31259
1.6370 0.32969
1.6380 0.34631
1.6390 0.36242
1.6400 0.37801
1.6410 0.39304
1.6420 0.40750
1.6430 0.42136
1.6440 0.43462
1.6450 0.44724
1.6460 0.45922
1.6470 0.47053
1.6480 0.48116
1.6490 0.49110
1.6500 0.50033
1.6510 0.50883
1.6520 0.51661
1.6530 0.52364
1.6540 0.52992
1.6550 0.53543
1.6560 0.54018
1.6570 0.54415
1.6580 0.54734
1.6590 0.54975
1.6600 0.55137
1.6610 0.55220
1.6620 0.55224
1.6630 0.55150
1.6640 0.54996
1.6650 0.54764
1.6660 0.54454
1.6670 0.54067
1.6680 0.53602
1.6690 0.53062
1.6700 0.52446
1.6710 0.51755
1.6720 0.50991
1.6730 0.50154
1.6740 0.49247
1.6750 0.48270
1.6760 0.47225
1.6770 0.46112
1.6780 0.44935
1.6790 0.43695
1.6800 0.42393
1.6810 0.41031
1.6820 0.39612
1.6830 0.38137
1.6840 0.36608
1.6850 0.35029
1.6860 0.33400
1.6870 0.31725
1.6880 0.30006
1.6890 0.28246
1.6900 0.26446
1.6910 0.24609
1.6920 0.22739
1.6930 0.20838
1.6940 0.18908
1.6950 0.16953
1.6960 0.14974
1.6970 0.12976
1.6980 0.10961
1.6990 0.08931
1.7000 0.06890
1.7010 0.04841
1.7020 0.02787
1.7030 0.00729
1.7040 -0.01327
1.7050 -0.03381
1.7060 -0.05428
1.7070 -0.07466
1.7080 -0.09491
1.7090 -0.11502
1.7100 -0.13495
1.7110 -0.15467
1.7120 -0.17416
1.7130 -0.19338
1.7140 -0.21232
1.7150 -0.23094
1.7160 -0.24921
1.7170 -0.26711
1.7180 -0.28462
1.7190 -0.30172
1.7200 -0.31836
1.7210 -0.33455
1.7220 -0.35024
1.7230 -0.36542
1.7240 -0.38007
1.7250 -0.39416
1.7260 -0.40768
1.7270 -0.42061
1.7280 -0.43293
1.7290 -0.44462
1.7300 -0.45567
1.7310 -0.46606
1.7320 -0.47577
1.7330 -0.48480
1.7340 -0.49313
1.7350 -0.50075
1.7360 -0.50765
1.7370 -0.51382
1.7380 -0.51925
1.7390 -0.52394
1.7400 -0.52787
1.7410 -0.53105
1.7420 -0.53346
1.7430 -0.53511
1.7440 -0.53600
1.7450 -0.53612
1.7460 -0.53547
1.7470 -0.53406
1.7480 -0.53189
1.7490 -0.52896
1.7500 -0.52527
1.7510 -0.52084
1.7520 -0.51567
1.7530 -0.50976
1.7540 -0.50313
1.7550 -0.49579
1.7560 -0.48774
1.7570 -0.47900
1.7580 -0.46958
1.7590 -0.45950
1.7600 -0.44877
1.7610 -0.43741
1.7620 -0.42543
1.7630 -0.41285
1.7640 -0.39969
1.7650 -0.38597
1.7660 -0.37171
1.7670 -0.35692
1.7680 -0.34164
1.7690 -0.32588
1.7700 -0.30966
1.7710 -0.29302
1.7720 -0.27596
1.7730 -0.25853
1.7740 -0.24074
1.7750 -0.22262
1.7760 -0.20419
1.7770 -0.18548
1.7780 -0.16653
1.7790 -0.14734
1.7800 -0.12796
1.7810 -0.10842
1.7820 -0.08873
1.7830 -0.06893
1.7840 -0.04904
1.7850 -0.02910
1.7860 -0.00913
1.7870 0.01084
1.7880 0.03077
1.7890 0.05065
1.7900 0.07045
1.7910 0.09013
1.7920 0.10966
1.7930 0.12903
1.7940 0.14819
1.7950 0.16713
1.7960 0.18582
1.7970 0.20423
1.7980 0.22234
1.7990 0.24011
1.8000 0.25753
1.8010 0.27457
1.8020 0.29121
1.8030 0.30741
1.8040 0.32317
1.8050 0.33845
1.8060 0.35324
1.8070 0.36751
1.8080 0.38125
1.8090 0.39443
1.8100 0.40704
1.8110 0.41906
1.8120 0.43048
1.8130 0.44127
1.8140 0.45142
1.8150 0.46092
1.8160 0.46975
1.8170 0.47791
1.8180 0.48538
1.8190 0.49215
1.8200 0.49821
1.8210 0.50356
1.8220 0.50818
1.8230 0.51207
1.8240 0.51523
1.8250 0.51765
1.8260 0.51933
1.8270 0.52027
1.8280 0.52046
1.8290 0.51991
1.8300 0.51861
1.8310 0.51658
1.8320 0.51381
1.8330 0.51031
1.8340 0.50608
1.8350 0.50113
1.8360 0.49547
1.8370 0.48910
1.8380 0.48205
1.8390 0.47430
1.8400 0.46589
1.8410 0.45681
1.8420 0.44709
1.8430 0.43674
1.8440 0.42577
1.8450 0.41420
1.8460 0.40205
1.8470 0.38933
1.8480 0.37607
1.8490 0.36228
1.8500 0.34798
1.8510 0.33319
1.8520 0.31794
1.8530 0.30224
1.8540 0.28612
1.8550 0.26961
1.8560 0.25272
1.8570 0.23548
1.8580 0.21792
1.8590 0.20006
1.8600 0.18193
1.8610 0.16355
1.8620 0.14495
1.8630 0.12616
1.8640 0.10720
1.8650 0.08810
1.8660 0.06889
1.8670 0.04959
1.8680 0.03024
1.8690 0.01085
1.8700 -0.00853
1.8710 -0.02789
1.8720 -0.04720
1.8730 -0.06642
1.8740 -0.08553
1.8750 -0.10451
1.8760 -0.12333
1.8770 -0.14196
1.8780 -0.16037
1.8790 -0.17854
1.8800 -0.19644
1.8810 -0.21405
1.8820 -0.23133
1.8830 -0.24828
1.8840 -0.26486
1.8850 -0.28105
1.8860 -0.29682
1.8870 -0.31217
1.8880 -0.32705
1.8890 -0.34146
1.8900 -0.35536
1.8910 -0.36875
1.8920 -0.38161
1.8930 -0.39391
1.8940 -0.40563
1.8950 -0.41678
1.8960 -0.42731
1.8970 -0.43723
1.8980 -0.44652
1.8990 -0.45516
1.9000 -0.46315
1.9010 -0.47047
1.9020 -0.47711
1.9030 -0.48306
1.9040 -0.48832
1.9050 -0.49288
1.9060 -0.49674
1.9070 -0.49988
1.9080 -0.50230
1.9090 -0.50400
1.9100 -0.50499
1.9110 -0.50525
1.9120 -0.50479
1.9130 -0.50360
1.9140 -0.50170
1.9150 -0.49909
1.9160 -0.49576
1.9170 -0.49173
1.9180 -0.48700
1.9190 -0.48157
1.9200 -0.47546
1.9210 -0.46868
1.9220 -0.46123
1.9230 -0.45313
1.9240 -0.44438
1.9250 -0.43501
1.9260 -0.42503
1.9270 -0.41444
1.9280 -0.40327
1.9290 -0.39153
1.9300 -0.37924
1.9310 -0.36641
1.9320 -0.35308
1.9330 -0.33924
1.9340 -0.32494
1.9350 -0.31017
1.9360 -0.29498
1.9370 -0.27938
1.9380 -0.26338
1.9390 -0.24703
1.9400 -0.23033
1.9410 -0.21331
1.9420 -0.19600
1.9430 -0.17843
1.9440 -0.16061
1.9450 -0.14258
1.9460 -0.12435
1.9470 -0.10596
1.9480 -0.08743
1.9490 -0.06879
1.9500 -0.05007
1.9510 -0.03128
1.9520 -0.01247
1.9530 0.00635
1.9540 0.02515
1.9550 0.04389
1.9560 0.06257
1.9570 0.08113
1.9580 0.09957
1.9590 0.11786
1.9600 0.13596
1.9610 0.15385
1.9620 0.17152
1.9630 0.18892
1.9640 0.20604
1.9650 0.22286
1.9660 0.23934
1.9670 0.25548
1.9680 0.27123
1.9690 0.28659
1.9700 0.30153
1.9710 0.31602
1.9720 0.33005
1.9730 0.34360
1.9740 0.35666
1.9750 0.36919
1.9760 0.38118
1.9770 0.39263
1.9780 0.40350
1.9790 0.41379
1.9800 0.42348
1.9810 0.43256
1.9820 0.44101
1.9830 0.44883
1.9840 0.45600
1.9850 0.46252
1.9860 0.46837
1.9870 0.47355
1.9880 0.47804
1.9890 0.48185
1.9900 0.48497
1.9910 0.48740
1.9920 0.48912
1.9930 0.49015
1.9940 0.49047
1.9950 0.49010
1.9960 0.48902
1.9970 0.48725
1.9980 0.48478
1.9990 0.48162
2.0000 0.47778
2.0010 0.47325
2.0020 0.46805
2.0030 0.46219
2.0040 0.45567
2.0050 0.44851
2.0060 0.44071
2.0070 0.43228
2.0080 0.42325
2.0090 0.41361
2.0100 0.40340
2.0110 0.39261
2.0120 0.38127
2.0130 0.36939
2.0140 0.35700
2.0150 0.34410
2.0160 0.33072
2.0170 0.31688
2.0180 0.30259
2.0190 0.28788
2.0200 0.27278
2.0210 0.25729
2.0220 0.24145
2.0230 0.22527
2.0240 0.20878
2.0250 0.19201
2.0260 0.17497
2.0270 0.15770
2.0280 0.14021
2.0290 0.12254
2.0300 0.10470
2.0310 0.08673
2.0320 0.06864
2.0330 0.05047
2.0340 0.03224
2.0350 0.01398
2.0360 -0.00429
2.0370 -0.02254
2.0380 -0.04075
2.0390 -0.05888
2.0400 -0.07692
2.0410 -0.09483
2.0420 -0.11259
2.0430 -0.13019
2.0440 -0.14758
2.0450 -0.16475
2.0460 -0.18167
2.0470 -0.19832
2.0480 -0.21468
2.0490 -0.23072
2.0500 -0.24641
2.0510 -0.26175
2.0520 -0.27669
2.0530 -0.29124
2.0540 -0.30535
2.0550 -0.31902
2.0560 -0.33222
2.0570 -0.34494
2.0580 -0.35716
2.0590 -0.36886
2.0600 -0.38003
2.0610 -0.39064
2.0620 -0.40069
2.0630 -0.41015
2.0640 -0.41903
2.0650 -0.42730
2.0660 -0.43495
2.0670 -0.44198
2.0680 -0.44837
2.0690 -0.45411
2.0700 -0.45921
2.0710 -0.46364
2.0720 -0.46741
2.0730 -0.47050
2.0740 -0.47293
2.0750 -0.47467
2.0760 -0.47574
2.0770 -0.47612
2.0780 -0.47583
2.0790 -0.47485
2.0800 -0.47320
2.0810 -0.47088
2.0820 -0.46788
2.0830 -0.46421
2.0840 -0.45989
2.0850 -0.45491
2.0860 -0.44928
2.0870 -0.44302
2.0880 -0.43613
2.0890 -0.42862
2.0900 -0.42050
2.0910 -0.41179
2.0920 -0.40250
2.0930 -0.39264
2.0940 -0.38222
2.0950 -0.37127
2.0960 -0.35979
2.0970 -0.34781
2.0980 -0.33534
2.0990 -0.32240
2.1000 -0.30901
2.1010 -0.29518
2.1020 -0.28095
2.1030 -0.26632
2.1040 -0.25132
2.1050 -0.23598
2.1060 -0.22030
2.1070 -0.20433
2.1080 -0.18807
2.1090 -0.17156
2.1100 -0.15482
2.1110 -0.13786
2.1120 -0.12072
2.1130 -0.10342
2.1140 -0.08598
2.1150 -0.06844
2.1160 -0.05081
2.1170 -0.03312
2.1180 -0.01539
2.1190 0.00234
2.1200 0.02006
2.1210 0.03774
2.1220 0.05535
2.1230 0.07287
2.1240 0.09028
2.1250 0.10754
2.1260 0.12463
2.1270 0.14154
2.1280 0.15823
2.1290 0.17468
2.1300 0.19087
2.1310 0.20678
2.1320 0.22238
2.1330 0.23766
2.1340 0.25258
2.1350 0.26713
2.1360 0.28129
2.1370 0.29503
2.1380 0.30835
2.1390 0.32121
2.1400 0.33361
2.1410 0.34552
2.1420 0.35693
2.1430 0.36782
2.1440 0.37818
2.1450 0.38799
2.1460 0.39724
2.1470 0.40591
2.1480 0.41400
2.1490 0.42149
2.1500 0.42838
2.1510 0.43464
2.1520 0.44029
2.1530 0.44530
2.1540 0.44966
2.1550 0.45339
2.1560 0.45646
2.1570 0.45888
2.1580 0.46064
2.1590 0.46175
2.1600 0.46219
2.1610 0.46197
2.1620 0.46109
2.1630 0.45955
2.1640 0.45736
2.1650 0.45452
2.1660 0.45103
2.1670 0.44689
2.1680 0.44213
2.1690 0.43673
2.1700 0.43071
2.1710 0.42409
2.1720 0.41686
2.1730 0.40904
2.1740 0.40064
2.1750 0.39168
2.1760 0.38216
2.1770 0.37210
2.1780 0.36152
2.1790 0.35043
2.1800 0.33885
2.1810 0.32679
2.1820 0.31428
2.1830 0.30132
2.1840 0.28794
2.1850 0.27416
2.1860 0.26000
2.1870 0.24548
2.1880 0.23062
2.1890 0.21544
2.1900 0.19996
2.1910 0.18420
2.1920 0.16820
2.1930 0.15196
2.1940 0.13553
2.1950 0.11890
2.1960 0.10212
2.1970 0.08521
2.1980 0.06819
2.1990 0.05108
2.2000 0.03391
2.2010 0.01671
2.2020 -0.00051
2.2030 -0.01771
2.2040 -0.03488
2.2050 -0.05198
2.2060 -0.06900
2.2070 -0.08591
2.2080 -0.10268
2.2090 -0.11929
2.2100 -0.13572
2.2110 -0.15195
2.2120 -0.16794
2.2130 -0.18369
2.2140 -0.19916
2.2150 -0.21434
2.2160 -0.22920
2.2170 -0.24372
2.2180 -0.25788
2.2190 -0.27166
2.2200 -0.28505
2.2210 -0.29802
2.2220 -0.31055
2.2230 -0.32264
2.2240 -0.33425
2.2250 -0.34537
2.2260 -0.35600
2.2270 -0.36611
2.2280 -0.37569
2.2290 -0.38472
2.2300 -0.39320
2.2310 -0.40111
2.2320 -0.40844
2.2330 -0.41519
2.2340 -0.42133
2.2350 -0.42687
2.2360 -0.43180
2.2370 -0.43610
2.2380 -0.43978
2.2390 -0.44283
2.2400 -0.44525
2.2410 -0.44702
2.2420 -0.44816
2.2430 -0.44865
2.2440 -0.44851
2.2450 -0.44772
2.2460 -0.44629
2.2470 -0.44423
2.2480 -0.44153
2.2490 -0.43821
2.2500 -0.43426
2.2510 -0.42970
2.2520 -0.42452
2.2530 -0.41874
2.2540 -0.41237
2.2550 -0.40541
2.2560 -0.39788
2.2570 -0.38978
2.2580 -0.38114
2.2590 -0.37195
2.2600 -0.36224
2.2610 -0.35202
2.2620 -0.34131
2.2630 -0.33011
2.2640 -0.31846
2.2650 -0.30635
2.2660 -0.29382
2.2670 -0.28087
2.2680 -0.26753
2.2690 -0.25382
2.2700 -0.23976
2.2710 -0.22537
2.2720 -0.21066
2.2730 -0.19566
2.2740 -0.18040
2.2750 -0.16488
2.2760 -0.14915
2.2770 -0.13321
2.2780 -0.11709
2.2790 -0.10082
2.2800 -0.08441
2.2810 -0.06789
2.2820 -0.05129
2.2830 -0.03463
2.2840 -0.01793
2.2850 -0.00122
2.2860 0.01548
2.2870 0.03215
2.2880 0.04876
2.2890 0.06529
2.2900 0.08171
2.2910 0.09801
2.2920 0.11415
2.2930 0.13012
2.2940 0.14590
2.2950 0.16145
2.2960 0.17676
2.2970 0.19181
2.2980 0.20657
2.2990 0.22103
2.3000 0.23516
2.3010 0.24894
2.3020 0.26236
2.3030 0.27540
2.3040 0.28803
2.3050 0.30024
2.3060 0.31201
2.3070 0.32333
2.3080 0.33418
2.3090 0.34455
2.3100 0.35441
2.3110 0.36377
2.3120 0.37259
2.3130 0.38088
2.3140 0.38861
2.3150 0.39579
2.3160 0.40240
2.3170 0.40842
2.3180 0.41386
2.3190 0.41870
2.3200 0.42295
2.3210 0.42658
2.3220 0.42960
2.3230 0.43201
2.3240 0.43380
2.3250 0.43496
2.3260 0.43551
2.3270 0.43543
2.3280 0.43473
2.3290 0.43341
2.3300 0.43147
2.3310 0.42891
2.3320 0.42575
2.3330 0.42198
2.3340 0.41761
2.3350 0.41264
2.3360 0.40709
2.3370 0.40097
2.3380 0.39427
2.3390 0.38701
2.3400 0.37921
2.3410 0.37087
2.3420 0.36201
2.3430 0.35264
2.3440 0.34277
2.3450 0.33241
2.3460 0.32159
2.3470 0.31032
2.3480 0.29861
2.3490 0.28649
2.3500 0.27396
2.3510 0.26105
2.3520 0.24778
2.3530 0.23416
2.3540 0.22022
2.3550 0.20598
2.3560 0.19145
2.3570 0.17665
2.3580 0.16162
2.3590 0.14636
2.3600 0.13091
2.3610 0.11528
2.3620 0.09949
2.3630 0.08358
2.3640 0.06756
2.3650 0.05145
2.3660 0.03528
2.3670 0.01907
2.3680 0.00285
2.3690 -0.01337
2.3700 -0.02955
2.3710 -0.04568
2.3720 -0.06174
2.3730 -0.07769
2.3740 -0.09353
2.3750 -0.10921
2.3760 -0.12473
2.3770 -0.14007
2.3780 -0.15519
2.3790 -0.17007
2.3800 -0.18471
2.3810 -0.19907
2.3820 -0.21313
2.3830 -0.22688
2.3840 -0.24030
2.3850 -0.25337
2.3860 -0.26606
2.3870 -0.27836
2.3880 -0.29026
2.3890 -0.30173
2.3900 -0.31277
2.3910 -0.32335
2.3920 -0.33346
2.3930 -0.34309
2.3940 -0.35222
2.3950 -0.36084
2.3960 -0.36893
2.3970 -0.37650
2.3980 -0.38352
2.3990 -0.38999
2.4000 -0.39590
2.4010 -0.40124
2.4020 -0.40600
2.4030 -0.41018
2.4040 -0.41377
2.4050 -0.41676
2.4060 -0.41916
2.4070 -0.42096
2.4080 -0.42215
2.4090 -0.42274
2.4100 -0.42273
2.4110 -0.42211
2.4120 -0.42089
2.4130 -0.41907
2.4140 -0.41665
2.4150 -0.41364
2.4160 -0.41004
2.4170 -0.40585
2.4180 -0.40109
2.4190 -0.39576
2.4200 -0.38987
2.4210 -0.38343
2.4220 -0.37644
2.4230 -0.36892
2.4240 -0.36088
2.4250 -0.35233
2.4260 -0.34328
2.4270 -0.33375
2.4280 -0.32374
2.4290 -0.31328
2.4300 -0.30239
2.4310 -0.29106
2.4320 -0.27933
2.4330 -0.26721
2.4340 -0.25472
2.4350 -0.24187
2.4360 -0.22869
2.4370 -0.21518
2.4380 -0.20138
2.4390 -0.18730
2.4400 -0.17297
2.4410 -0.15840
2.4420 -0.14361
2.4430 -0.12863
2.4440 -0.11347
2.4450 -0.09816
2.4460 -0.08273
2.4470 -0.06718
2.4480 -0.05155
2.4490 -0.03586
2.4500 -0.02013
2.4510 -0.00438
2.4520 0.01136
2.4530 0.02708
2.4540 0.04274
2.4550 0.05834
2.4560 0.07384
2.4570 0.08922
2.4580 0.10446
2.4590 0.11955
2.4600 0.13445
2.4610 0.14915
2.4620 0.16363
2.4630 0.17786
2.4640 0.19183
2.4650 0.20551
2.4660 0.21889
2.4670 0.23195
2.4680 0.24467
2.4690 0.25703
2.4700 0.26901
2.4710 0.28060
2.4720 0.29178
2.4730 0.30254
2.4740 0.31286
2.4750 0.32272
2.4760 0.33211
2.4770 0.34102
2.4780 0.34944
2.4790 0.35736
2.4800 0.36476
2.4810 0.37163
2.4820 0.37796
2.4830 0.38376
2.4840 0.38899
2.4850 0.39367
2.4860 0.39779
2.4870 0.40133
2.4880 0.40430
2.4890 0.40668
2.4900 0.40849
2.4910 0.40971
2.4920 0.41034
2.4930 0.41039
2.4940 0.40985
2.4950 0.40872
2.4960 0.40702
2.4970 0.40473
2.4980 0.40186
2.4990 0.39843
2.5000 0.39442
2.5010 0.38986
2.5020 0.38474
2.5030 0.37908
2.5040 0.37288
2.5050 0.36615
2.5060 0.35890
2.5070 0.35115
2.5080 0.34289
2.5090 0.33416
2.5100 0.32495
2.5110 0.31529
2.5120 0.30518
2.5130 0.29465
2.5140 0.28370
2.5150 0.27235
2.5160 0.26062
2.5170 0.24853
2.5180 0.23609
2.5190 0.22332
2.5200 0.21025
2.5210 0.19688
2.5220 0.18324
2.5230 0.16935
2.5240 0.15523
2.5250 0.14089
2.5260 0.12636
2.5270 0.11167
2.5280 0.09682
2.5290 0.08185
2.5300 0.06677
2.5310 0.05161
2.5320 0.03638
2.5330 0.02111
2.5340 0.00582
2.5350 -0.00946
2.5360 -0.02472
2.5370 -0.03993
2.5380 -0.05508
2.5390 -0.07014
2.5400 -0.08508
2.5410 -0.09989
2.5420 -0.11455
2.5430 -0.12904
2.5440 -0.14333
2.5450 -0.15741
2.5460 -0.17125
2.5470 -0.18484
2.5480 -0.19815
2.5490 -0.21117
2.5500 -0.22388
2.5510 -0.23626
2.5520 -0.24829
2.5530 -0.25996
2.5540 -0.27126
2.5550 -0.28215
2.5560 -0.29264
2.5570 -0.30270
2.5580 -0.31231
2.5590 -0.32148
2.5600 -0.33018
2.5610 -0.33840
2.5620 -0.34614
2.5630 -0.35337
2.5640 -0.36010
2.5650 -0.36630
2.5660 -0.37198
2.5670 -0.37712
2.5680 -0.38172
2.5690 -0.38577
2.5700 -0.38926
2.5710 -0.39220
2.5720 -0.39458
2.5730 -0.39639
2.5740 -0.39763
2.5750 -0.39830
2.5760 -0.39840
2.5770 -0.39794
2.5780 -0.39691
2.5790 -0.39531
2.5800 -0.39314
2.5810 -0.39042
2.5820 -0.38714
2.5830 -0.38331
2.5840 -0.37893
2.5850 -0.37402
2.5860 -0.36858
2.5870 -0.36261
2.5880 -0.35613
2.5890 -0.34915
2.5900 -0.34167
2.5910 -0.33371
2.5920 -0.32528
2.5930 -0.31639
2.5940 -0.30705
2.5950 -0.29728
2.5960 -0.28709
2.5970 -0.27651
2.5980 -0.26553
2.5990 -0.25418
2.6000 -0.24248
2.6010 -0.23044
2.6020 -0.21808
2.6030 -0.20541
2.6040 -0.19246
2.6050 -0.17925
2.6060 -0.16579
2.6070 -0.15210
2.6080 -0.13821
2.6090 -0.12412
2.6100 -0.10987
2.6110 -0.09548
2.6120 -0.08095
2.6130 -0.06632
2.6140 -0.05161
2.6150 -0.03683
2.6160 -0.02202
2.6170 -0.00718
2.6180 0.00766
2.6190 0.02248
2.6200 0.03725
2.6210 0.05196
2.6220 0.06659
2.6230 0.08111
2.6240 0.09550
2.6250 0.10975
2.6260 0.12383
2.6270 0.13772
2.6280 0.15141
2.6290 0.16487
2.6300 0.17809
2.6310 0.19104
2.6320 0.20371
2.6330 0.21608
2.6340 0.22813
2.6350 0.23985
2.6360 0.25121
2.6370 0.26221
2.6380 0.27283
2.6390 0.28305
2.6400 0.29286
2.6410 0.30224
2.6420 0.31118
2.6430 0.31968
2.6440 0.32771
2.6450 0.33526
2.6460 0.34234
2.6470 0.34891
2.6480 0.35499
2.6490 0.36055
2.6500 0.36560
2.6510 0.37012
2.6520 0.37410
2.6530 0.37755
2.6540 0.38046
2.6550 0.38282
2.6560 0.38463
2.6570 0.38590
2.6580 0.38661
2.6590 0.38676
2.6600 0.38637
2.6610 0.38542
2.6620 0.38393
2.6630 0.38188
2.6640 0.37929
2.6650 0.37617
2.6660 0.37250
2.6670 0.36831
2.6680 0.36359
2.6690 0.35836
2.6700 0.35262
2.6710 0.34638
2.6720 0.33965
2.6730 0.33244
2.6740 0.32476
2.6750 0.31662
2.6760 0.30804
2.6770 0.29902
2.6780 0.28958
2.6790 0.27973
2.6800 0.26949
2.6810 0.25887
2.6820 0.24789
2.6830 0.23657
2.6840 0.22491
2.6850 0.21294
2.6860 0.20068
2.6870 0.18814
2.6880 0.17533
2.6890 0.16229
2.6900 0.14903
2.6910 0.13556
2.6920 0.12190
2.6930 0.10809
2.6940 0.09412
2.6950 0.08004
2.6960 0.06585
2.6970 0.05157
2.6980 0.03723
2.6990 0.02285
2.7000 0.00845
2.7010 -0.00596
2.7020 -0.02035
2.7030 -0.03469
2.7040 -0.04898
2.7050 -0.06319
2.7060 -0.07729
2.7070 -0.09128
2.7080 -0.10513
2.7090 -0.11881
2.7100 -0.13232
2.7110 -0.14563
2.7120 -0.15872
2.7130 -0.17157
2.7140 -0.18417
2.7150 -0.19650
2.7160 -0.20854
2.7170 -0.22027
2.7180 -0.23168
2.7190 -0.24275
2.7200 -0.25346
2.7210 -0.26381
2.7220 -0.27377
2.7230 -0.28333
2.7240 -0.29248
2.7250 -0.30121
2.7260 -0.30950
2.7270 -0.31734
2.7280 -0.32472
2.7290 -0.33164
2.7300 -0.33807
2.7310 -0.34402
2.7320 -0.34947
2.7330 -0.35442
2.7340 -0.35886
2.7350 -0.36279
2.7360 -0.36619
2.7370 -0.36906
2.7380 -0.37141
2.7390 -0.37323
2.7400 -0.37451
2.7410 -0.37525
2.7420 -0.37546
2.7430 -0.37513
2.7440 -0.37427
2.7450 -0.37287
2.7460 -0.37094
2.7470 -0.36848
2.7480 -0.36550
2.7490 -0.36199
2.7500 -0.35798
2.7510 -0.35345
2.7520 -0.34842
2.7530 -0.34290
2.7540 -0.33689
2.7550 -0.33041
2.7560 -0.32346
2.7570 -0.31605
2.7580 -0.30819
2.7590 -0.29990
2.7600 -0.29119
2.7610 -0.28206
2.7620 -0.27255
2.7630 -0.26264
2.7640 -0.25237
2.7650 -0.24175
2.7660 -0.23079
2.7670 -0.21951
2.7680 -0.20792
2.7690 -0.19604
2.7700 -0.18389
2.7710 -0.17149
2.7720 -0.15885
2.7730 -0.14600
2.7740 -0.13294
2.7750 -0.11970
2.7760 -0.10631
2.7770 -0.09277
2.7780 -0.07910
2.7790 -0.06534
2.7800 -0.05149
2.7810 -0.03757
2.7820 -0.02362
2.7830 -0.00964
2.7840 0.00435
2.7850 0.01832
2.7860 0.03225
2.7870 0.04613
2.7880 0.05993
2.7890 0.07363
2.7900 0.08722
2.7910 0.10068
2.7920 0.11398
2.7930 0.12711
2.7940 0.14005
2.7950 0.15278
2.7960 0.16528
2.7970 0.17754
2.7980 0.18954
2.7990 0.20125
2.8000 0.21267
2.8010 0.22378
2.8020 0.23456
2.8030 0.24500
2.8040 0.25508
2.8050 0.26479
2.8060 0.27411
2.8070 0.28303
2.8080 0.29155
2.8090 0.29964
2.8100 0.30730
2.8110 0.31451
2.8120 0.32127
2.8130 0.32756
2.8140 0.33339
2.8150 0.33873
2.8160 0.34358
2.8170 0.34794
2.8180 0.35180
2.8190 0.35516
2.8200 0.35800
2.8210 0.36034
2.8220 0.36215
2.8230 0.36345
2.8240 0.36422
2.8250 0.36448
2.8260 0.36421
2.8270 0.36343
2.8280 0.36212
2.8290 0.36030
2.8300 0.35797
2.8310 0.35513
2.8320 0.35178
2.8330 0.34793
2.8340 0.34358
2.8350 0.33875
2.8360 0.33344
2.8370 0.32766
2.8380 0.32141
2.8390 0.31471
2.8400 0.30756
2.8410 0.29998
2.8420 0.29197
2.8430 0.28356
2.8440 0.27474
2.8450 0.26554
2.8460 0.25596
2.8470 0.24603
2.8480 0.23575
2.8490 0.22515
2.8500 0.21422
2.8510 0.20301
2.8520 0.19150
2.8530 0.17974
2.8540 0.16772
2.8550 0.15548
2.8560 0.14302
2.8570 0.13036
2.8580 0.11753
2.8590 0.10454
2.8600 0.09141
2.8610 0.07816
2.8620 0.06480
2.8630 0.05136
2.8640 0.03786
2.8650 0.02432
2.8660 0.01075
2.8670 -0.00283
2.8680 -0.01639
2.8690 -0.02992
2.8700 -0.04340
2.8710 -0.05680
2.8720 -0.07012
2.8730 -0.08332
2.8740 -0.09640
2.8750 -0.10933
2.8760 -0.12209
2.8770 -0.13467
2.8780 -0.14705
2.8790 -0.15921
2.8800 -0.17114
2.8810 -0.18281
2.8820 -0.19421
2.8830 -0.20533
2.8840 -0.21614
2.8850 -0.22664
2.8860 -0.23681
2.8870 -0.24663
2.8880 -0.25609
2.8890 -0.26518
2.8900 -0.27388
2.8910 -0.28219
2.8920 -0.29009
2.8930 -0.29756
2.8940 -0.30461
2.8950 -0.31122
2.8960 -0.31738
2.8970 -0.32308
2.8980 -0.32831
2.8990 -0.33307
2.9000 -0.33735
2.9010 -0.34115
2.9020 -0.34446
2.9030 -0.34727
2.9040 -0.34959
2.9050 -0.35140
2.9060 -0.35271
2.9070 -0.35351
2.9080 -0.35381
2.9090 -0.35361
2.9100 -0.35290
2.9110 -0.35168
2.9120 -0.34997
2.9130 -0.34775
2.9140 -0.34504
2.9150 -0.34184
2.9160 -0.33816
2.9170 -0.33399
2.9180 -0.32935
2.9190 -0.32424
2.9200 -0.31867
2.9210 -0.31265
2.9220 -0.30619
2.9230 -0.29929
2.9240 -0.29198
2.9250 -0.28425
2.9260 -0.27612
2.9270 -0.26760
2.9280 -0.25870
2.9290 -0.24945
2.9300 -0.23984
2.9310 -0.22990
2.9320 -0.21963
2.9330 -0.20906
2.9340 -0.19820
2.9350 -0.18706
2.9360 -0.17566
2.9370 -0.16402
2.9380 -0.15216
2.9390 -0.14008
2.9400 -0.12782
2.9410 -0.11538
2.9420 -0.10278
2.9430 -0.09005
2.9440 -0.07719
2.9450 -0.06424
2.9460 -0.05120
2.9470 -0.03810
2.9480 -0.02496
2.9490 -0.01179
2.9500 0.00139
2.9510 0.01456
2.9520 0.02770
2.9530 0.04079
2.9540 0.05381
2.9550 0.06674
2.9560 0.07958
2.9570 0.09228
2.9580 0.10485
2.9590 0.11726
2.9600 0.12949
2.9610 0.14153
2.9620 0.15335
2.9630 0.16495
2.9640 0.17631
2.9650 0.18740
2.9660 0.19822
2.9670 0.20875
2.9680 0.21898
2.9690 0.22888
2.9700 0.23845
2.9710 0.24767
2.9720 0.25653
2.9730 0.26502
2.9740 0.27312
2.9750 0.28083
2.9760 0.28813
2.9770 0.29502
2.9780 0.30148
2.9790 0.30750
2.9800 0.31308
2.9810 0.31821
2.9820 0.32287
2.9830 0.32708
2.9840 0.33081
2.9850 0.33407
2.9860 0.33685
2.9870 0.33915
2.9880 0.34096
2.9890 0.34228
2.9900 0.34312
2.9910 0.34346
2.9920 0.34331
2.9930 0.34267
2.9940 0.34154
2.9950 0.33992
2.9960 0.33782
2.9970 0.33524
2.9980 0.33218
2.9990 0.32865
3.0000 0.32465
3.0010 0.32020
3.0020 0.31528
3.0030 0.30992
3.0040 0.30412
3.0050 0.29789
3.0060 0.29124
3.0070 0.28418
3.0080 0.27672
3.0090 0.26887
3.0100 0.26064
3.0110 0.25204
3.0120 0.24309
3.0130 0.23379
3.0140 0.22418
3.0150 0.21424
3.0160 0.20401
3.0170 0.19349
3.0180 0.18271
3.0190 0.17167
3.0200 0.16040
3.0210 0.14890
3.0220 0.13720
3.0230 0.12531
3.0240 0.11325
3.0250 0.10104
3.0260 0.08869
3.0270 0.07622
3.0280 0.06366
3.0290 0.05101
3.0300 0.03830
3.0310 0.02554
3.0320 0.01275
3.0330 -0.00004
3.0340 -0.01282
3.0350 -0.02558
3.0360 -0.03829
3.0370 -0.05094
3.0380 -0.06351
3.0390 -0.07597
3.0400 -0.08832
3.0410 -0.10054
3.0420 -0.11260
3.0430 -0.12449
3.0440 -0.13620
3.0450 -0.14770
3.0460 -0.15898
3.0470 -0.17003
3.0480 -0.18083
3.0490 -0.19136
3.0500 -0.20161
3.0510 -0.21157
3.0520 -0.22121
3.0530 -0.23054
3.0540 -0.23952
3.0550 -0.24816
3.0560 -0.25644
3.0570 -0.26434
3.0580 -0.27187
3.0590 -0.27900
3.0600 -0.28572
3.0610 -0.29203
3.0620 -0.29792
3.0630 -0.30338
3.0640 -0.30841
3.0650 -0.31298
3.0660 -0.31711
3.0670 -0.32079
3.0680 -0.32400
3.0690 -0.32674
3.0700 -0.32902
3.0710 -0.33083
3.0720 -0.33216
3.0730 -0.33302
3.0740 -0.33340
3.0750 -0.33330
3.0760 -0.33273
3.0770 -0.33168
3.0780 -0.33016
3.0790 -0.32817
3.0800 -0.32571
3.0810 -0.32279
3.0820 -0.31941
3.0830 -0.31558
3.0840 -0.31129
3.0850 -0.30657
3.0860 -0.30141
3.0870 -0.29582
3.0880 -0.28982
3.0890 -0.28340
3.0900 -0.27659
3.0910 -0.26939
3.0920 -0.26180
3.0930 -0.25385
3.0940 -0.24554
3.0950 -0.23688
3.0960 -0.22790
3.0970 -0.21859
3.0980 -0.20898
3.0990 -0.19907
3.1000 -0.18889
3.1010 -0.17845
3.1020 -0.16776
3.1030 -0.15684
3.1040 -0.14570
3.1050 -0.13436
3.1060 -0.12284
3.1070 -0.11114
3.1080 -0.09930
3.1090 -0.08733
3.1100 -0.07524
3.1110 -0.06305
3.1120 -0.05078
3.1130 -0.03844
3.1140 -0.02606
3.1150 -0.01366
3.1160 -0.00124
3.1170 0.01118
3.1180 0.02356
3.1190 0.03591
3.1200 0.04819
3.1210 0.06040
3.1220 0.07251
3.1230 0.08451
3.1240 0.09639
3.1250 0.10811
3.1260 0.11967
3.1270 0.13105
3.1280 0.14224
3.1290 0.15322
3.1300 0.16397
3.1310 0.17447
3.1320 0.18473
3.1330 0.19470
3.1340 0.20440
3.1350 0.21379
3.1360 0.22288
3.1370 0.23164
3.1380 0.24006
3.1390 0.24813
3.1400 0.25584
3.1410 0.26318
3.1420 0.27014
3.1430 0.27671
3.1440 0.28288
3.1450 0.28864
3.1460 0.29398
3.1470 0.29890
3.1480 0.30339
3.1490 0.30745
3.1500 0.31106
3.1510 0.31422
3.1520 0.31693
3.1530 0.31919
3.1540 0.32099
3.1550 0.32233
3.1560 0.32321
3.1570 0.32363
3.1580 0.32358
3.1590 0.32307
3.1600 0.32210
3.1610 0.32068
3.1620 0.31879
3.1630 0.31645
3.1640 0.31366
3.1650 0.31042
3.1660 0.30675
3.1670 0.30263
3.1680 0.29809
3.1690 0.29313
3.1700 0.28775
3.1710 0.28196
3.1720 0.27577
3.1730 0.26920
3.1740 0.26224
3.1750 0.25492
3.1760 0.24723
3.1770 0.23920
3.1780 0.23083
3.1790 0.22214
3.1800 0.21314
3.1810 0.20384
3.1820 0.19425
3.1830 0.18439
3.1840 0.17428
3.1850 0.16393
3.1860 0.15335
3.1870 0.14255
3.1880 0.13157
3.1890 0.12040
3.1900 0.10907
3.1910 0.09758
3.1920 0.08597
3.1930 0.07425
3.1940 0.06242
3.1950 0.05052
3.1960 0.03855
3.1970 0.02654
3.1980 0.01449
3.1990 0.00244
3.2000 -0.00961
3.2010 -0.02164
3.2020 -0.03363
3.2030 -0.04556
3.2040 -0.05742
3.2050 -0.06919
3.2060 -0.08085
3.2070 -0.09239
3.2080 -0.10379
3.2090 -0.11503
3.2100 -0.12609
3.2110 -0.13698
3.2120 -0.14765
3.2130 -0.15811
3.2140 -0.16833
3.2150 -0.17831
3.2160 -0.18803
3.2170 -0.19747
3.2180 -0.20662
3.2190 -0.21547
3.2200 -0.22400
3.2210 -0.23221
3.2220 -0.24008
3.2230 -0.24760
3.2240 -0.25477
3.2250 -0.26156
3.2260 -0.26798
3.2270 -0.27401
3.2280 -0.27964
3.2290 -0.28487
3.2300 -0.28969
3.2310 -0.29409
3.2320 -0.29807
3.2330 -0.30162
3.2340 -0.30473
3.2350 -0.30741
3.2360 -0.30965
3.2370 -0.31144
3.2380 -0.31279
3.2390 -0.31369
3.2400 -0.31414
3.2410 -0.31414
3.2420 -0.31369
3.2430 -0.31280
3.2440 -0.31146
3.2450 -0.30967
3.2460 -0.30745
3.2470 -0.30478
3.2480 -0.30168
3.2490 -0.29816
3.2500 -0.29421
3.2510 -0.28984
3.2520 -0.28506
3.2530 -0.27988
3.2540 -0.27430
3.2550 -0.26834
3.2560 -0.26199
3.2570 -0.25528
3.2580 -0.24820
3.2590 -0.24078
3.2600 -0.23302
3.2610 -0.22493
3.2620 -0.21652
3.2630 -0.20781
3.2640 -0.19881
3.2650 -0.18954
3.2660 -0.17999
3.2670 -0.17020
3.2680 -0.16017
3.2690 -0.14993
3.2700 -0.13947
3.2710 -0.12882
3.2720 -0.11800
3.2730 -0.10701
3.2740 -0.09588
3.2750 -0.08462
3.2760 -0.07325
3.2770 -0.06178
3.2780 -0.05023
3.2790 -0.03862
3.2800 -0.02696
3.2810 -0.01527
3.2820 -0.00357
3.2830 0.00813
3.2840 0.01981
3.2850 0.03146
3.2860 0.04304
3.2870 0.05456
3.2880 0.06600
3.2890 0.07733
3.2900 0.08854
3.2910 0.09962
3.2920 0.11055
3.2930 0.12131
3.2940 0.13189
3.2950 0.14228
3.2960 0.15245
3.2970 0.16240
3.2980 0.17211
3.2990 0.18157
3.3000 0.19076
3.3010 0.19967
3.3020 0.20830
3.3030 0.21661
3.3040 0.22461
3.3050 0.23229
3.3060 0.23963
3.3070 0.24662
3.3080 0.25325
3.3090 0.25952
3.3100 0.26541
3.3110 0.27092
3.3120 0.27603
3.3130 0.28075
3.3140 0.28507
3.3150 0.28897
3.3160 0.29246
3.3170 0.29553
3.3180 0.29817
3.3190 0.30039
3.3200 0.30217
3.3210 0.30353
3.3220 0.30444
3.3230 0.30493
3.3240 0.30497
3.3250 0.30458
3.3260 0.30376
3.3270 0.30250
3.3280 0.30081
3.3290 0.29869
3.3300 0.29615
3.3310 0.29319
3.3320 0.28981
3.3330 0.28601
3.3340 0.28182
3.3350 0.27722
3.3360 0.27223
3.3370 0.26685
3.3380 0.26110
3.3390 0.25498
3.3400 0.24850
3.3410 0.24166
3.3420 0.23449
3.3430 0.22699
3.3440 0.21917
3.3450 0.21104
3.3460 0.20261
3.3470 0.19391
3.3480 0.18493
3.3490 0.17569
3.3500 0.16621
3.3510 0.15650
3.3520 0.14657
3.3530 0.13644
3.3540 0.12612
3.3550 0.11563
3.3560 0.10498
3.3570 0.09419
3.3580 0.08327
3.3590 0.07224
3.3600 0.06112
3.3610 0.04992
3.3620 0.03865
3.3630 0.02733
3.3640 0.01599
3.3650 0.00463
3.3660 -0.00673
3.3670 -0.01807
3.3680 -0.02938
3.3690 -0.04063
3.3700 -0.05182
3.3710 -0.06293
3.3720 -0.07394
3.3730 -0.08484
3.3740 -0.09561
3.3750 -0.10623
3.3760 -0.11670
3.3770 -0.12699
3.3780 -0.13709
3.3790 -0.14699
3.3800 -0.15667
3.3810 -0.16612
3.3820 -0.17533
3.3830 -0.18428
3.3840 -0.19296
3.3850 -0.20136
3.3860 -0.20946
3.3870 -0.21726
3.3880 -0.22474
3.3890 -0.23190
3.3900 -0.23872
3.3910 -0.24520
3.3920 -0.25132
3.3930 -0.25707
3.3940 -0.26246
3.3950 -0.26747
3.3960 -0.27209
3.3970 -0.27632
3.3980 -0.28015
3.3990 -0.28357
3.4000 -0.28660
3.4010 -0.28920
3.4020 -0.29140
3.4030 -0.29317
3.4040 -0.29453
3.4050 -0.29546
3.4060 -0.29598
3.4070 -0.29606
3.4080 -0.29573
3.4090 -0.29497
3.4100 -0.29380
3.4110 -0.29220
3.4120 -0.29019
3.4130 -0.28776
3.4140 -0.28492
3.4150 -0.28168
3.4160 -0.27804
3.4170 -0.27401
3.4180 -0.26959
3.4190 -0.26478
3.4200 -0.25960
3.4210 -0.25405
3.4220 -0.24815
3.4230 -0.24189
3.4240 -0.23529
3.4250 -0.22836
3.4260 -0.22111
3.4270 -0.21355
3.4280 -0.20569
3.4290 -0.19754
3.4300 -0.18911
3.4310 -0.18042
3.4320 -0.17148
3.4330 -0.16230
3.4340 -0.15290
3.4350 -0.14328
3.4360 -0.13347
3.4370 -0.12347
3.4380 -0.11330
3.4390 -0.10298
3.4400 -0.09252
3.4410 -0.08193
3.4420 -0.07123
3.4430 -0.06044
3.4440 -0.04957
3.4450 -0.03864
3.4460 -0.02766
3.4470 -0.01665
3.4480 -0.00563
3.4490 0.00540
3.4500 0.01641
3.4510 0.02739
3.4520 0.03833
3.4530 0.04920
3.4540 0.05999
3.4550 0.07069
3.4560 0.08128
3.4570 0.09175
3.4580 0.10207
3.4590 0.11225
3.4600 0.12226
3.4610 0.13208
3.4620 0.14171
3.4630 0.15113
3.4640 0.16033
3.4650 0.16929
3.4660 0.17801
3.4670 0.18646
3.4680 0.19464
3.4690 0.20254
3.4700 0.21014
3.4710 0.21744
3.4720 0.22442
3.4730 0.23107
3.4740 0.23740
3.4750 0.24337
3.4760 0.24900
3.4770 0.25426
3.4780 0.25916
3.4790 0.26368
3.4800 0.26783
3.4810 0.27159
3.4820 0.27496
3.4830 0.27793
3.4840 0.28050
3.4850 0.28267
3.4860 0.28444
3.4870 0.28580
3.4880 0.28675
3.4890 0.28729
3.4900 0.28741
3.4910 0.28713
3.4920 0.28644
3.4930 0.28534
3.4940 0.28383
3.4950 0.28192
3.4960 0.27960
3.4970 0.27689
3.4980 0.27378
3.4990 0.27029
3.5000 0.26641
3.5010 0.26216
3.5020 0.25753
3.5030 0.25254
3.5040 0.24719
3.5050 0.24149
3.5060 0.23545
3.5070 0.22908
3.5080 0.22239
3.5090 0.21538
3.5100 0.20807
3.5110 0.20047
3.5120 0.19258
3.5130 0.18443
3.5140 0.17602
3.5150 0.16737
3.5160 0.15848
3.5170 0.14937
3.5180 0.14006
3.5190 0.13055
3.5200 0.12086
3.5210 0.11101
3.5220 0.10100
3.5230 0.09086
3.5240 0.08059
3.5250 0.07022
3.5260 0.05975
3.5270 0.04921
3.5280 0.03860
3.5290 0.02795
3.5300 0.01726
3.5310 0.00656
3.5320 -0.00415
3.5330 -0.01484
3.5340 -0.02550
3.5350 -0.03612
3.5360 -0.04668
3.5370 -0.05716
3.5380 -0.06756
3.5390 -0.07785
3.5400 -0.08802
3.5410 -0.09807
3.5420 -0.10796
3.5430 -0.11769
3.5440 -0.12725
3.5450 -0.13662
3.5460 -0.14578
3.5470 -0.15473
3.5480 -0.16346
3.5490 -0.17194
3.5500 -0.18018
3.5510 -0.18815
3.5520 -0.19584
3.5530 -0.20325
3.5540 -0.21036
3.5550 -0.21717
3.5560 -0.22367
3.5570 -0.22984
3.5580 -0.23567
3.5590 -0.24117
3.5600 -0.24632
3.5610 -0.25111
3.5620 -0.25554
3.5630 -0.25960
3.5640 -0.26329
3.5650 -0.26659
3.5660 -0.26952
3.5670 -0.27206
3.5680 -0.27421
3.5690 -0.27596
3.5700 -0.27732
3.5710 -0.27828
3.5720 -0.27885
3.5730 -0.27901
3.5740 -0.27878
3.5750 -0.27815
3.5760 -0.27712
3.5770 -0.27569
3.5780 -0.27388
3.5790 -0.27167
3.5800 -0.26908
3.5810 -0.26610
3.5820 -0.26275
3.5830 -0.25902
3.5840 -0.25493
3.5850 -0.25047
3.5860 -0.24566
3.5870 -0.24051
3.5880 -0.23501
3.5890 -0.22918
3.5900 -0.22303
3.5910 -0.21656
3.5920 -0.20979
3.5930 -0.20272
3.5940 -0.19537
3.5950 -0.18775
3.5960 -0.17986
3.5970 -0.17172
3.5980 -0.16334
3.5990 -0.15474
3.6000 -0.14592
3.6010 -0.13690
3.6020 -0.12768
3.6030 -0.11830
3.6040 -0.10875
3.6050 -0.09905
3.6060 -0.08922
3.6070 -0.07926
3.6080 -0.06920
3.6090 -0.05905
3.6100 -0.04882
3.6110 -0.03853
3.6120 -0.02820
3.6130 -0.01782
3.6140 -0.00744
3.6150 0.00296
3.6160 0.01334
3.6170 0.02369
3.6180 0.03401
3.6190 0.04426
3.6200 0.05445
3.6210 0.06455
3.6220 0.07455
3.6230 0.08444
3.6240 0.09420
3.6250 0.10382
3.6260 0.11329
3.6270 0.12258
3.6280 0.13169
3.6290 0.14061
3.6300 0.14933
3.6310 0.15782
3.6320 0.16608
3.6330 0.17410
3.6340 0.18186
3.6350 0.18936
3.6360 0.19658
3.6370 0.20352
3.6380 0.21016
3.6390 0.21649
3.6400 0.22251
3.6410 0.22821
3.6420 0.23358
3.6430 0.23861
3.6440 0.24330
3.6450 0.24764
3.6460 0.25162
3.6470 0.25523
3.6480 0.25848
3.6490 0.26136
3.6500 0.26386
3.6510 0.26599
3.6520 0.26773
3.6530 0.26909
3.6540 0.27006
3.6550 0.27065
3.6560 0.27085
3.6570 0.27066
3.6580 0.27009
3.6590 0.26913
3.6600 0.26779
3.6610 0.26606
3.6620 0.26396
3.6630 0.26148
3.6640 0.25863
3.6650 0.25541
3.6660 0.25183
3.6670 0.24790
3.6680 0.24361
3.6690 0.23897
3.6700 0.23400
3.6710 0.22870
3.6720 0.22307
3.6730 0.21713
3.6740 0.21088
3.6750 0.20434
3.6760 0.19751
3.6770 0.19040
3.6780 0.18303
3.6790 0.17540
3.6800 0.16752
3.6810 0.15941
3.6820 0.15108
3.6830 0.14254
3.6840 0.13380
3.6850 0.12488
3.6860 0.11578
3.6870 0.10652
3.6880 0.09712
3.6890 0.08759
3.6900 0.07794
3.6910 0.06819
3.6920 0.05834
3.6930 0.04842
3.6940 0.03843
3.6950 0.02840
3.6960 0.01834
3.6970 0.00825
3.6980 -0.00184
3.6990 -0.01191
3.7000 -0.02197
3.7010 -0.03199
3.7020 -0.04195
3.7030 -0.05185
3.7040 -0.06166
3.7050 -0.07138
3.7060 -0.08099
3.7070 -0.09048
3.7080 -0.09983
3.7090 -0.10904
3.7100 -0.11808
3.7110 -0.12694
3.7120 -0.13562
3.7130 -0.14410
3.7140 -0.15237
3.7150 -0.16041
3.7160 -0.16822
3.7170 -0.17578
3.7180 -0.18308
3.7190 -0.19012
3.7200 -0.19688
3.7210 -0.20336
3.7220 -0.20954
3.7230 -0.21542
3.7240 -0.22098
3.7250 -0.22623
3.7260 -0.23115
3.7270 -0.23573
3.7280 -0.23998
3.7290 -0.24387
3.7300 -0.24742
3.7310 -0.25061
3.7320 -0.25345
3.7330 -0.25591
3.7340 -0.25801
3.7350 -0.25974
3.7360 -0.26110
3.7370 -0.26208
3.7380 -0.26269
3.7390 -0.26292
3.7400 -0.26278
3.7410 -0.26226
3.7420 -0.26137
3.7430 -0.26011
3.7440 -0.25847
3.7450 -0.25647
3.7460 -0.25410
3.7470 -0.25137
3.7480 -0.24828
3.7490 -0.24484
3.7500 -0.24105
3.7510 -0.23692
3.7520 -0.23246
3.7530 -0.22766
3.7540 -0.22255
3.7550 -0.21712
3.7560 -0.21138
3.7570 -0.20535
3.7580 -0.19903
3.7590 -0.19243
3.7600 -0.18555
3.7610 -0.17842
3.7620 -0.17104
3.7630 -0.16342
3.7640 -0.15557
3.7650 -0.14750
3.7660 -0.13923
3.7670 -0.13076
3.7680 -0.12212
3.7690 -0.11331
3.7700 -0.10434
3.7710 -0.09523
3.7720 -0.08598
3.7730 -0.07663
3.7740 -0.06717
3.7750 -0.05762
3.7760 -0.04799
3.7770 -0.03831
3.7780 -0.02857
3.7790 -0.01880
3.7800 -0.00902
3.7810 0.00078
3.7820 0.01056
3.7830 0.02033
3.7840 0.03005
3.7850 0.03973
3.7860 0.04935
3.7870 0.05888
3.7880 0.06833
3.7890 0.07767
3.7900 0.08689
3.7910 0.09599
3.7920 0.10494
3.7930 0.11373
3.7940 0.12235
3.7950 0.13080
3.7960 0.13905
3.7970 0.14709
3.7980 0.15492
3.7990 0.16253
3.8000 0.16989
3.8010 0.17701
3.8020 0.18387
3.8030 0.19046
3.8040 0.19678
3.8050 0.20281
3.8060 0.20854
3.8070 0.21398
3.8080 0.21910
3.8090 0.22391
3.8100 0.22839
3.8110 0.23255
3.8120 0.23637
3.8130 0.23985
3.8140 0.24298
3.8150 0.24577
3.8160 0.24820
3.8170 0.25027
3.8180 0.25199
3.8190 0.25334
3.8200 0.25434
3.8210 0.25496
3.8220 0.25523
3.8230 0.25513
3.8240 0.25466
3.8250 0.25383
3.8260 0.25264
3.8270 0.25109
3.8280 0.24918
3.8290 0.24692
3.8300 0.24430
3.8310 0.24134
3.8320 0.23803
3.8330 0.23439
3.8340 0.23042
3.8350 0.22612
3.8360 0.22150
3.8370 0.21656
3.8380 0.21132
3.8390 0.20579
3.8400 0.19996
3.8410 0.19385
3.8420 0.18747
3.8430 0.18082
3.8440 0.17392
3.8450 0.16678
3.8460 0.15941
3.8470 0.15181
3.8480 0.14400
3.8490 0.13599
3.8500 0.12779
3.8510 0.11942
3.8520 0.11088
3.8530 0.10219
3.8540 0.09335
3.8550 0.08440
3.8560 0.07532
3.8570 0.06615
3.8580 0.05689
3.8590 0.04755
3.8600 0.03815
3.8610 0.02871
3.8620 0.01923
3.8630 0.00973
3.8640 0.00022
3.8650 -0.00928
3.8660 -0.01876
3.8670 -0.02821
3.8680 -0.03761
3.8690 -0.04695
3.8700 -0.05621
3.8710 -0.06539
3.8720 -0.07447
3.8730 -0.08344
3.8740 -0.09228
3.8750 -0.10098
3.8760 -0.10953
3.8770 -0.11792
3.8780 -0.12614
3.8790 -0.13417
3.8800 -0.14200
3.8810 -0.14962
3.8820 -0.15703
3.8830 -0.16420
3.8840 -0.17113
3.8850 -0.17782
3.8860 -0.18425
3.8870 -0.19041
3.8880 -0.19629
3.8890 -0.20188
3.8900 -0.20719
3.8910 -0.21220
3.8920 -0.21689
3.8930 -0.22128
3.8940 -0.22535
3.8950 -0.22909
3.8960 -0.23250
3.8970 -0.23558
3.8980 -0.23831
3.8990 -0.24071
3.9000 -0.24276
3.9010 -0.24446
3.9020 -0.24581
3.9030 -0.24681
3.9040 -0.24746
3.9050 -0.24775
3.9060 -0.24769
3.9070 -0.24727
3.9080 -0.24650
3.9090 -0.24538
3.9100 -0.24391
3.9110 -0.24210
3.9120 -0.23993
3.9130 -0.23743
3.9140 -0.23459
3.9150 -0.23142
3.9160 -0.22791
3.9170 -0.22409
3.9180 -0.21995
3.9190 -0.21549
3.9200 -0.21073
3.9210 -0.20568
3.9220 -0.20033
3.9230 -0.19470
3.9240 -0.18880
3.9250 -0.18263
3.9260 -0.17621
3.9270 -0.16953
3.9280 -0.16262
3.9290 -0.15549
3.9300 -0.14813
3.9310 -0.14057
3.9320 -0.13282
3.9330 -0.12488
3.9340 -0.11676
3.9350 -0.10849
3.9360 -0.10007
3.9370 -0.09151
3.9380 -0.08282
3.9390 -0.07403
3.9400 -0.06513
3.9410 -0.05615
3.9420 -0.04709
3.9430 -0.03798
3.9440 -0.02881
3.9450 -0.01961
3.9460 -0.01039
3.9470 -0.00116
3.9480 0.00806
3.9490 0.01727
3.9500 0.02644
3.9510 0.03557
3.9520 0.04465
3.9530 0.05365
3.9540 0.06257
3.9550 0.07139
3.9560 0.08011
3.9570 0.08870
3.9580 0.09717
3.9590 0.10548
3.9600 0.11365
3.9610 0.12164
3.9620 0.12945
3.9630 0.13707
3.9640 0.14450
3.9650 0.15170
3.9660 0.15869
3.9670 0.16545
3.9680 0.17196
3.9690 0.17823
3.9700 0.18423
3.9710 0.18997
3.9720 0.19543
3.9730 0.20061
3.9740 0.20550
3.9750 0.21009
3.9760 0.21438
3.9770 0.21836
3.9780 0.22203
3.9790 0.22537
3.9800 0.22839
3.9810 0.23108
3.9820 0.23344
3.9830 0.23547
3.9840 0.23716
3.9850 0.23850
3.9860 0.23951
3.9870 0.24017
3.9880 0.24049
3.9890 0.24046
3.9900 0.24010
3.9910 0.23939
3.9920 0.23833
3.9930 0.23694
3.9940 0.23521
3.9950 0.23315
3.9960 0.23075
3.9970 0.22802
3.9980 0.22498
3.9990 0.22161
4.0000 0.21793
4.0010 0.21394
4.0020 0.20965
4.0030 0.20506
4.0040 0.20018
4.0050 0.19502
4.0060 0.18958
4.0070 0.18388
4.0080 0.17791
4.0090 0.17170
4.0100 0.16525
4.0110 0.15857
4.0120 0.15166
4.0130 0.14454
4.0140 0.13722
4.0150 0.12971
4.0160 0.12202
4.0170 0.11416
4.0180 0.10615
4.0190 0.09799
4.0200 0.08969
4.0210 0.08127
4.0220 0.07274
4.0230 0.06412
4.0240 0.05541
4.0250 0.04662
4.0260 0.03778
4.0270 0.02888
4.0280 0.01996
4.0290 0.01101
4.0300 0.00205
4.0310 -0.00691
4.0320 -0.01585
4.0330 -0.02476
4.0340 -0.03363
4.0350 -0.04244
4.0360 -0.05119
4.0370 -0.05985
4.0380 -0.06843
4.0390 -0.07690
4.0400 -0.08526
4.0410 -0.09349
4.0420 -0.10158
4.0430 -0.10951
4.0440 -0.11729
4.0450 -0.12489
4.0460 -0.13231
4.0470 -0.13954
4.0480 -0.14656
4.0490 -0.15336
4.0500 -0.15995
4.0510 -0.16629
4.0520 -0.17240
4.0530 -0.17826
4.0540 -0.18385
4.0550 -0.18919
4.0560 -0.19424
4.0570 -0.19902
4.0580 -0.20350
4.0590 -0.20770
4.0600 -0.21159
4.0610 -0.21518
4.0620 -0.21846
4.0630 -0.22143
4.0640 -0.22407
4.0650 -0.22640
4.0660 -0.22839
4.0670 -0.23007
4.0680 -0.23141
4.0690 -0.23242
4.0700 -0.23309
4.0710 -0.23344
4.0720 -0.23345
4.0730 -0.23312
4.0740 -0.23247
4.0750 -0.23148
4.0760 -0.23016
4.0770 -0.22852
4.0780 -0.22655
4.0790 -0.22425
4.0800 -0.22164
4.0810 -0.21871
4.0820 -0.21548
4.0830 -0.21193
4.0840 -0.20809
4.0850 -0.20395
4.0860 -0.19953
4.0870 -0.19482
4.0880 -0.18984
4.0890 -0.18459
4.0900 -0.17908
4.0910 -0.17331
4.0920 -0.16731
4.0930 -0.16107
4.0940 -0.15460
4.0950 -0.14792
4.0960 -0.14103
4.0970 -0.13395
4.0980 -0.12668
4.0990 -0.11923
4.1000 -0.11162
4.1010 -0.10385
4.1020 -0.09594
4.1030 -0.08790
4.1040 -0.07974
4.1050 -0.07147
4.1060 -0.06311
4.1070 -0.05466
4.1080 -0.04614
4.1090 -0.03756
4.1100 -0.02893
4.1110 -0.02026
4.1120 -0.01158
4.1130 -0.00288
4.1140 0.00581
4.1150 0.01449
4.1160 0.02315
4.1170 0.03176
4.1180 0.04032
4.1190 0.04882
4.1200 0.05724
4.1210 0.06558
4.1220 0.07381
4.1230 0.08194
4.1240 0.08994
4.1250 0.09781
4.1260 0.10553
4.1270 0.11309
4.1280 0.12049
4.1290 0.12771
4.1300 0.13474
4.1310 0.14158
4.1320 0.14821
4.1330 0.15462
4.1340 0.16081
4.1350 0.16676
4.1360 0.17247
4.1370 0.17793
4.1380 0.18313
4.1390 0.18807
4.1400 0.19273
4.1410 0.19712
4.1420 0.20122
4.1430 0.20503
4.1440 0.20854
4.1450 0.21176
4.1460 0.21467
4.1470 0.21727
4.1480 0.21956
4.1490 0.22153
4.1500 0.22318
4.1510 0.22452
4.1520 0.22553
4.1530 0.22622
4.1540 0.22659
4.1550 0.22663
4.1560 0.22635
4.1570 0.22575
4.1580 0.22482
4.1590 0.22358
4.1600 0.22201
4.1610 0.22013
4.1620 0.21793
4.1630 0.21543
4.1640 0.21262
4.1650 0.20951
4.1660 0.20610
4.1670 0.20240
4.1680 0.19841
4.1690 0.19414
4.1700 0.18960
4.1710 0.18479
4.1720 0.17972
4.1730 0.17440
4.1740 0.16883
4.1750 0.16302
4.1760 0.15699
4.1770 0.15073
4.1780 0.14427
4.1790 0.13760
4.1800 0.13074
4.1810 0.12370
4.1820 0.11649
4.1830 0.10912
4.1840 0.10159
4.1850 0.09393
4.1860 0.08613
4.1870 0.07822
4.1880 0.07021
4.1890 0.06210
4.1900 0.05390
4.1910 0.04564
4.1920 0.03731
4.1930 0.02894
4.1940 0.02054
4.1950 0.01210
4.1960 0.00366
4.1970 -0.00478
4.1980 -0.01321
4.1990 -0.02161
4.2000 -0.02997
4.2010 -0.03829
4.2020 -0.04655
4.2030 -0.05473
4.2040 -0.06283
4.2050 -0.07084
4.2060 -0.07874
4.2070 -0.08652
4.2080 -0.09417
4.2090 -0.10168
4.2100 -0.10904
4.2110 -0.11624
4.2120 -0.12326
4.2130 -0.13011
4.2140 -0.13677
4.2150 -0.14322
4.2160 -0.14947
4.2170 -0.15550
4.2180 -0.16130
4.2190 -0.16687
4.2200 -0.17219
4.2210 -0.17727
4.2220 -0.18209
4.2230 -0.18664
4.2240 -0.19093
4.2250 -0.19494
4.2260 -0.19866
4.2270 -0.20211
4.2280 -0.20526
4.2290 -0.20811
4.2300 -0.21067
4.2310 -0.21292
4.2320 -0.21487
4.2330 -0.21650
4.2340 -0.21783
4.2350 -0.21885
4.2360 -0.21955
4.2370 -0.21994
4.2380 -0.22001
4.2390 -0.21977
4.2400 -0.21922
4.2410 -0.21835
4.2420 -0.21717
4.2430 -0.21569
4.2440 -0.21389
4.2450 -0.21179
4.2460 -0.20939
4.2470 -0.20669
4.2480 -0.20370
4.2490 -0.20042
4.2500 -0.19686
4.2510 -0.19302
4.2520 -0.18890
4.2530 -0.18452
4.2540 -0.17988
4.2550 -0.17498
4.2560 -0.16984
4.2570 -0.16446
4.2580 -0.15884
4.2590 -0.15301
4.2600 -0.14696
4.2610 -0.14070
4.2620 -0.13425
4.2630 -0.12761
4.2640 -0.12079
4.2650 -0.11381
4.2660 -0.10667
4.2670 -0.09938
4.2680 -0.09195
4.2690 -0.08440
4.2700 -0.07673
4.2710 -0.06896
4.2720 -0.06109
4.2730 -0.05315
4.2740 -0.04513
4.2750 -0.03705
4.2760 -0.02893
4.2770 -0.02077
4.2780 -0.01259
4.2790 -0.00440
4.2800 0.00380
4.2810 0.01198
4.2820 0.02014
4.2830 0.02827
4.2840 0.03635
4.2850 0.04437
4.2860 0.05232
4.2870 0.06019
4.2880 0.06797
4.2890 0.07565
4.2900 0.08322
4.2910 0.09066
4.2920 0.09796
4.2930 0.10512
4.2940 0.11213
4.2950 0.11897
4.2960 0.12563
4.2970 0.13211
4.2980 0.13840
4.2990 0.14448
4.3000 0.15036
4.3010 0.15601
4.3020 0.16144
4.3030 0.16664
4.3040 0.17159
4.3050 0.17629
4.3060 0.18074
4.3070 0.18493
4.3080 0.18885
4.3090 0.19249
4.3100 0.19586
4.3110 0.19895
4.3120 0.20175
4.3130 0.20426
4.3140 0.20648
4.3150 0.20840
4.3160 0.21002
4.3170 0.21134
4.3180 0.21236
4.3190 0.21307
4.3200 0.21348
4.3210 0.21358
4.3220 0.21338
4.3230 0.21287
4.3240 0.21206
4.3250 0.21095
4.3260 0.20954
4.3270 0.20783
4.3280 0.20582
4.3290 0.20352
4.3300 0.20093
4.3310 0.19806
4.3320 0.19490
4.3330 0.19147
4.3340 0.18777
4.3350 0.18380
4.3360 0.17957
4.3370 0.17509
4.3380 0.17036
4.3390 0.16539
4.3400 0.16019
4.3410 0.15477
4.3420 0.14912
4.3430 0.14327
4.3440 0.13722
4.3450 0.13097
4.3460 0.12455
4.3470 0.11795
4.3480 0.11118
4.3490 0.10426
4.3500 0.09720
4.3510 0.09001
4.3520 0.08269
4.3530 0.07525
4.3540 0.06772
4.3550 0.06009
4.3560 0.05239
4.3570 0.04461
4.3580 0.03678
4.3590 0.02890
4.3600 0.02098
4.3610 0.01304
4.3620 0.00509
4.3630 -0.00287
4.3640 -0.01082
4.3650 -0.01874
4.3660 -0.02663
4.3670 -0.03448
4.3680 -0.04227
4.3690 -0.05000
4.3700 -0.05765
4.3710 -0.06521
4.3720 -0.07268
4.3730 -0.08003
4.3740 -0.08727
4.3750 -0.09437
4.3760 -0.10134
4.3770 -0.10816
4.3780 -0.11481
4.3790 -0.12130
4.3800 -0.12761
4.3810 -0.13373
4.3820 -0.13966
4.3830 -0.14538
4.3840 -0.15090
4.3850 -0.15619
4.3860 -0.16125
4.3870 -0.16609
4.3880 -0.17068
4.3890 -0.17502
4.3900 -0.17911
4.3910 -0.18294
4.3920 -0.18651
4.3930 -0.18981
4.3940 -0.19284
4.3950 -0.19558
4.3960 -0.19805
4.3970 -0.20023
4.3980 -0.20213
4.3990 -0.20373
4.4000 -0.20504
4.4010 -0.20606
4.4020 -0.20678
4.4030 -0.20721
4.4040 -0.20734
4.4050 -0.20717
4.4060 -0.20671
4.4070 -0.20596
4.4080 -0.20490
4.4090 -0.20356
4.4100 -0.20193
4.4110 -0.20001
4.4120 -0.19781
4.4130 -0.19532
4.4140 -0.19256
4.4150 -0.18953
4.4160 -0.18622
4.4170 -0.18265
4.4180 -0.17883
4.4190 -0.17475
4.4200 -0.17043
4.4210 -0.16586
4.4220 -0.16106
4.4230 -0.15603
4.4240 -0.15079
4.4250 -0.14533
4.4260 -0.13967
4.4270 -0.13382
4.4280 -0.12777
4.4290 -0.12155
4.4300 -0.11516
4.4310 -0.10861
4.4320 -0.10191
4.4330 -0.09507
4.4340 -0.08809
4.4350 -0.08100
4.4360 -0.07380
4.4370 -0.06649
4.4380 -0.05910
4.4390 -0.05163
4.4400 -0.04408
4.4410 -0.03648
4.4420 -0.02884
4.4430 -0.02116
4.4440 -0.01345
4.4450 -0.00573
4.4460 0.00199
4.4470 0.00971
4.4480 0.01740
4.4490 0.02507
4.4500 0.03269
4.4510 0.04026
4.4520 0.04777
4.4530 0.05521
4.4540 0.06256
4.4550 0.06981
4.4560 0.07696
4.4570 0.08400
4.4580 0.09091
4.4590 0.09769
4.4600 0.10432
4.4610 0.11080
4.4620 0.11711
4.4630 0.12326
4.4640 0.12922
4.4650 0.13499
4.4660 0.14057
4.4670 0.14594
4.4680 0.15110
4.4690 0.15604
4.4700 0.16076
4.4710 0.16524
4.4720 0.16948
4.4730 0.17348
4.4740 0.17722
4.4750 0.18071
4.4760 0.18394
4.4770 0.18691
4.4780 0.18960
4.4790 0.19202
4.4800 0.19417
4.4810 0.19604
4.4820 0.19762
4.4830 0.19893
4.4840 0.19994
4.4850 0.20067
4.4860 0.20112
4.4870 0.20127
4.4880 0.20114
4.4890 0.20072
4.4900 0.20002
4.4910 0.19903
4.4920 0.19775
4.4930 0.19620
4.4940 0.19436
4.4950 0.19225
4.4960 0.18987
4.4970 0.18722
4.4980 0.18430
4.4990 0.18112
4.5000 0.17768
4.5010 0.17399
4.5020 0.17006
4.5030 0.16588
4.5040 0.16147
4.5050 0.15684
4.5060 0.15198
4.5070 0.14691
4.5080 0.14163
4.5090 0.13616
4.5100 0.13049
4.5110 0.12465
4.5120 0.11862
4.5130 0.11244
4.5140 0.10609
4.5150 0.09960
4.5160 0.09297
4.5170 0.08622
4.5180 0.07934
4.5190 0.07236
4.5200 0.06528
4.5210 0.05811
4.5220 0.05086
4.5230 0.04355
4.5240 0.03618
4.5250 0.02876
4.5260 0.02130
4.5270 0.01382
4.5280 0.00633
4.5290 -0.00117
4.5300 -0.00866
4.5310 -0.01613
4.5320 -0.02357
4.5330 -0.03098
4.5340 -0.03833
4.5350 -0.04563
4.5360 -0.05285
4.5370 -0.06000
4.5380 -0.06705
4.5390 -0.07401
4.5400 -0.08085
4.5410 -0.08757
4.5420 -0.09416
4.5430 -0.10061
4.5440 -0.10692
4.5450 -0.11306
4.5460 -0.11905
4.5470 -0.12485
4.5480 -0.13048
4.5490 -0.13591
4.5500 -0.14115
4.5510 -0.14618
4.5520 -0.15100
4.5530 -0.15559
4.5540 -0.15997
4.5550 -0.16411
4.5560 -0.16801
4.5570 -0.17168
4.5580 -0.17509
4.5590 -0.17825
4.5600 -0.18115
4.5610 -0.18380
4.5620 -0.18618
4.5630 -0.18829
4.5640 -0.19013
4.5650 -0.19170
4.5660 -0.19299
4.5670 -0.19400
4.5680 -0.19474
4.5690 -0.19520
4.5700 -0.19538
4.5710 -0.19528
4.5720 -0.19491
4.5730 -0.19425
4.5740 -0.19332
4.5750 -0.19211
4.5760 -0.19063
4.5770 -0.18887
4.5780 -0.18685
4.5790 -0.18456
4.5800 -0.18201
4.5810 -0.17921
4.5820 -0.17615
4.5830 -0.17283
4.5840 -0.16928
4.5850 -0.16548
4.5860 -0.16146
4.5870 -0.15720
4.5880 -0.15272
4.5890 -0.14803
4.5900 -0.14313
4.5910 -0.13803
4.5920 -0.13273
4.5930 -0.12725
4.5940 -0.12159
4.5950 -0.11576
4.5960 -0.10977
4.5970 -0.10363
4.5980 -0.09734
4.5990 -0.09092
4.6000 -0.08437
4.6010 -0.07771
4.6020 -0.07094
4.6030 -0.06408
4.6040 -0.05713
4.6050 -0.05010
4.6060 -0.04301
4.6070 -0.03585
4.6080 -0.02866
4.6090 -0.02142
4.6100 -0.01417
4.6110 -0.00689
4.6120 0.00038
4.6130 0.00766
4.6140 0.01491
4.6150 0.02214
4.6160 0.02934
4.6170 0.03648
4.6180 0.04357
4.6190 0.05059
4.6200 0.05754
4.6210 0.06439
4.6220 0.07115
4.6230 0.07781
4.6240 0.08434
4.6250 0.09076
4.6260 0.09703
4.6270 0.10317
4.6280 0.10915
4.6290 0.11498
4.6300 0.12063
4.6310 0.12611
4.6320 0.13140
4.6330 0.13651
4.6340 0.14141
4.6350 0.14611
4.6360 0.15059
4.6370 0.15486
4.6380 0.15891
4.6390 0.16272
4.6400 0.16630
4.6410 0.16964
4.6420 0.17273
4.6430 0.17558
4.6440 0.17817
4.6450 0.18050
4.6460 0.18258
4.6470 0.18439
4.6480 0.18594
4.6490 0.18723
4.6500 0.18824
4.6510 0.18899
4.6520 0.18946
4.6530 0.18966
4.6540 0.18959
4.6550 0.18925
4.6560 0.18865
4.6570 0.18777
4.6580 0.18662
4.6590 0.18521
4.6600 0.18354
4.6610 0.18160
4.6620 0.17940
4.6630 0.17696
4.6640 0.17426
4.6650 0.17131
4.6660 0.16812
4.6670 0.16469
4.6680 0.16103
4.6690 0.15714
4.6700 0.15303
4.6710 0.14871
4.6720 0.14417
4.6730 0.13944
4.6740 0.13450
4.6750 0.12938
4.6760 0.12408
4.6770 0.11860
4.6780 0.11296
4.6790 0.10716
4.6800 0.10121
4.6810 0.09513
4.6820 0.08891
4.6830 0.08256
4.6840 0.07611
4.6850 0.06955
4.6860 0.06289
4.6870 0.05615
4.6880 0.04934
4.6890 0.04246
4.6900 0.03552
4.6910 0.02854
4.6920 0.02152
4.6930 0.01448
4.6940 0.00742
4.6950 0.00035
4.6960 -0.00671
4.6970 -0.01375
4.6980 -0.02078
4.6990 -0.02776
4.7000 -0.03470
4.7010 -0.04159
4.7020 -0.04842
4.7030 -0.05516
4.7040 -0.06183
4.7050 -0.06840
4.7060 -0.07487
4.7070 -0.08123
4.7080 -0.08747
4.7090 -0.09358
4.7100 -0.09955
4.7110 -0.10537
4.7120 -0.11104
4.7130 -0.11655
4.7140 -0.12188
4.7150 -0.12704
4.7160 -0.13201
4.7170 -0.13679
4.7180 -0.14137
4.7190 -0.14575
4.7200 -0.14992
4.7210 -0.15387
4.7220 -0.15759
4.7230 -0.16109
4.7240 -0.16435
4.7250 -0.16738
4.7260 -0.17017
4.7270 -0.17271
4.7280 -0.17500
4.7290 -0.17704
4.7300 -0.17883
4.7310 -0.18036
4.7320 -0.18163
4.7330 -0.18264
4.7340 -0.18339
4.7350 -0.18388
4.7360 -0.18411
4.7370 -0.18407
4.7380 -0.18376
4.7390 -0.18320
4.7400 -0.18237
4.7410 -0.18129
4.7420 -0.17994
4.7430 -0.17834
4.7440 -0.17649
4.7450 -0.17439
4.7460 -0.17203
4.7470 -0.16944
4.7480 -0.16660
4.7490 -0.16353
4.7500 -0.16023
4.7510 -0.15670
4.7520 -0.15294
4.7530 -0.14898
4.7540 -0.14480
4.7550 -0.14042
4.7560 -0.13584
4.7570 -0.13107
4.7580 -0.12612
4.7590 -0.12099
4.7600 -0.11569
4.7610 -0.11023
4.7620 -0.10461
4.7630 -0.09885
4.7640 -0.09296
4.7650 -0.08693
4.7660 -0.08079
4.7670 -0.07453
4.7680 -0.06817
4.7690 -0.06172
4.7700 -0.05519
4.7710 -0.04858
4.7720 -0.04190
4.7730 -0.03517
4.7740 -0.02840
4.7750 -0.02159
4.7760 -0.01476
4.7770 -0.00790
4.7780 -0.00105
4.7790 0.00581
4.7800 0.01265
4.7810 0.01947
4.7820 0.02626
4.7830 0.03300
4.7840 0.03969
4.7850 0.04632
4.7860 0.05288
4.7870 0.05936
4.7880 0.06575
4.7890 0.07204
4.7900 0.07823
4.7910 0.08429
4.7920 0.09024
4.7930 0.09605
4.7940 0.10171
4.7950 0.10723
4.7960 0.11259
4.7970 0.11779
4.7980 0.12282
4.7990 0.12766
4.8000 0.13232
4.8010 0.13679
4.8020 0.14106
4.8030 0.14513
4.8040 0.14898
4.8050 0.15262
4.8060 0.15604
4.8070 0.15923
4.8080 0.16219
4.8090 0.16492
4.8100 0.16742
4.8110 0.16967
4.8120 0.17167
4.8130 0.17343
4.8140 0.17494
4.8150 0.17621
4.8160 0.17721
4.8170 0.17797
4.8180 0.17847
4.8190 0.17871
4.8200 0.17870
4.8210 0.17843
4.8220 0.17791
4.8230 0.17713
4.8240 0.17610
4.8250 0.17483
4.8260 0.17330
4.8270 0.17152
4.8280 0.16951
4.8290 0.16725
4.8300 0.16475
4.8310 0.16202
4.8320 0.15906
4.8330 0.15588
4.8340 0.15247
4.8350 0.14885
4.8360 0.14502
4.8370 0.14099
4.8380 0.13676
4.8390 0.13233
4.8400 0.12772
4.8410 0.12293
4.8420 0.11797
4.8430 0.11284
4.8440 0.10755
4.8450 0.10212
4.8460 0.09654
4.8470 0.09083
4.8480 0.08499
4.8490 0.07904
4.8500 0.07298
4.8510 0.06682
4.8520 0.06056
4.8530 0.05423
4.8540 0.04782
4.8550 0.04135
4.8560 0.03482
4.8570 0.02825
4.8580 0.02164
4.8590 0.01501
4.8600 0.00836
4.8610 0.00170
4.8620 -0.00496
4.8630 -0.01160
4.8640 -0.01822
4.8650 -0.02481
4.8660 -0.03136
4.8670 -0.03787
4.8680 -0.04431
4.8690 -0.05068
4.8700 -0.05698
4.8710 -0.06319
4.8720 -0.06931
4.8730 -0.07533
4.8740 -0.08123
4.8750 -0.08701
4.8760 -0.09266
4.8770 -0.09818
4.8780 -0.10355
4.8790 -0.10877
4.8800 -0.11384
4.8810 -0.11873
4.8820 -0.12345
4.8830 -0.12800
4.8840 -0.13235
4.8850 -0.13652
4.8860 -0.14048
4.8870 -0.14425
4.8880 -0.14780
4.8890 -0.15114
4.8900 -0.15426
4.8910 -0.15716
4.8920 -0.15984
4.8930 -0.16228
4.8940 -0.16449
4.8950 -0.16646
4.8960 -0.16820
4.8970 -0.16969
4.8980 -0.17094
4.8990 -0.17194
4.9000 -0.17270
4.9010 -0.17321
4.9020 -0.17347
4.9030 -0.17348
4.9040 -0.17325
4.9050 -0.17277
4.9060 -0.17204
4.9070 -0.17107
4.9080 -0.16985
4.9090 -0.16839
4.9100 -0.16669
4.9110 -0.16476
4.9120 -0.16259
4.9130 -0.16019
4.9140 -0.15756
4.9150 -0.15471
4.9160 -0.15165
4.9170 -0.14836
4.9180 -0.14487
4.9190 -0.14117
4.9200 -0.13728
4.9210 -0.13319
4.9220 -0.12891
4.9230 -0.12445
4.9240 -0.11982
4.9250 -0.11502
4.9260 -0.11006
4.9270 -0.10494
4.9280 -0.09968
4.9290 -0.09428
4.9300 -0.08875
4.9310 -0.08309
4.9320 -0.07733
4.9330 -0.07145
4.9340 -0.06548
4.9350 -0.05942
4.9360 -0.05327
4.9370 -0.04706
4.9380 -0.04078
4.9390 -0.03445
4.9400 -0.02808
4.9410 -0.02167
4.9420 -0.01523
4.9430 -0.00877
4.9440 -0.00231
4.9450 0.00415
4.9460 0.01060
4.9470 0.01703
4.9480 0.02343
4.9490 0.02980
4.9500 0.03611
4.9510 0.04237
4.9520 0.04857
4.9530 0.05469
4.9540 0.06073
4.9550 0.06668
4.9560 0.07253
4.9570 0.07827
4.9580 0.08389
4.9590 0.08940
4.9600 0.09476
4.9610 0.09999
4.9620 0.10508
4.9630 0.11001
4.9640 0.11478
4.9650 0.11938
4.9660 0.12381
4.9670 0.12806
4.9680 0.13212
4.9690 0.13599
4.9700 0.13966
4.9710 0.14313
4.9720 0.14640
4.9730 0.14945
4.9740 0.15229
4.9750 0.15491
4.9760 0.15730
4.9770 0.15947
4.9780 0.16141
4.9790 0.16311
4.9800 0.16459
4.9810 0.16582
4.9820 0.16682
4.9830 0.16758
4.9840 0.16810
4.9850 0.16838
4.9860 0.16842
4.9870 0.16821
4.9880 0.16777
4.9890 0.16709
4.9900 0.16617
4.9910 0.16501
4.9920 0.16362
4.9930 0.16200
4.9940 0.16014
4.9950 0.15806
4.9960 0.15575
4.9970 0.15323
4.9980 0.15048
4.9990 0.14752
