 0.0000 1.00000
0.0010 0.99929
0.0020 0.99786
0.0030 0.99501
0.0040 0.99074
0.0050 0.98506
0.0060 0.97797
0.0070 0.96950
0.0080 0.95964
0.0090 0.94843
0.0100 0.93586
0.0110 0.92197
0.0120 0.90677
0.0130 0.89029
0.0140 0.87255
0.0150 0.85357
0.0160 0.83339
0.0170 0.81204
0.0180 0.78953
0.0190 0.76592
0.0200 0.74123
0.0210 0.71550
0.0220 0.68877
0.0230 0.66107
0.0240 0.63245
0.0250 0.60294
0.0260 0.57260
0.0270 0.54146
0.0280 0.50957
0.0290 0.47697
0.0300 0.44371
0.0310 0.40985
0.0320 0.37542
0.0330 0.34049
0.0340 0.30509
0.0350 0.26928
0.0360 0.23311
0.0370 0.19663
0.0380 0.15990
0.0390 0.12297
0.0400 0.08589
0.0410 0.04871
0.0420 0.01149
0.0430 -0.02572
0.0440 -0.06287
0.0450 -0.09990
0.0460 -0.13676
0.0470 -0.17341
0.0480 -0.20977
0.0490 -0.24582
0.0500 -0.28148
0.0510 -0.31672
0.0520 -0.35148
0.0530 -0.38572
0.0540 -0.41938
0.0550 -0.45242
0.0560 -0.48478
0.0570 -0.51644
0.0580 -0.54733
0.0590 -0.57742
0.0600 -0.60666
0.0610 -0.63502
0.0620 -0.66245
0.0630 -0.68892
0.0640 -0.71438
0.0650 -0.73881
0.0660 -0.76216
0.0670 -0.78441
0.0680 -0.80553
0.0690 -0.82548
0.0700 -0.84424
0.0710 -0.86177
0.0720 -0.87807
0.0730 -0.89310
0.0740 -0.90685
0.0750 -0.91929
0.0760 -0.93042
0.0770 -0.94020
0.0780 -0.94864
0.0790 -0.95572
0.0800 -0.96143
0.0810 -0.96577
0.0820 -0.96872
0.0830 -0.97029
0.0840 -0.97047
0.0850 -0.96927
0.0860 -0.96669
0.0870 -0.96273
0.0880 -0.95740
0.0890 -0.95071
0.0900 -0.94267
0.0910 -0.93329
0.0920 -0.92259
0.0930 -0.91058
0.0940 -0.89727
0.0950 -0.88270
0.0960 -0.86688
0.0970 -0.84984
0.0980 -0.83160
0.0990 -0.81218
0.1000 -0.79162
0.1010 -0.76995
0.1020 -0.74720
0.1030 -0.72340
0.1040 -0.69859
0.1050 -0.67280
0.1060 -0.64607
0.1070 -0.61844
0.1080 -0.58995
0.1090 -0.56064
0.1100 -0.53056
0.1110 -0.49974
0.1120 -0.46823
0.1130 -0.43609
0.1140 -0.40334
0.1150 -0.37005
0.1160 -0.33626
0.1170 -0.30201
0.1180 -0.26737
0.1190 -0.23237
0.1200 -0.19707
0.1210 -0.16151
0.1220 -0.12576
0.1230 -0.08985
0.1240 -0.05385
0.1250 -0.01781
0.1260 0.01824
0.1270 0.05422
0.1280 0.09010
0.1290 0.12581
0.1300 0.16132
0.1310 0.19656
0.1320 0.23150
0.1330 0.26607
0.1340 0.30023
0.1350 0.33393
0.1360 0.36712
0.1370 0.39976
0.1380 0.43180
0.1390 0.46320
0.1400 0.49390
0.1410 0.52387
0.1420 0.55306
0.1430 0.58143
0.1440 0.60895
0.1450 0.63557
0.1460 0.66125
0.1470 0.68597
0.1480 0.70968
0.1490 0.73235
0.1500 0.75395
0.1510 0.77445
0.1520 0.79383
0.1530 0.81204
0.1540 0.82908
0.1550 0.84491
0.1560 0.85952
0.1570 0.87288
0.1580 0.88497
0.1590 0.89578
0.1600 0.90530
0.1610 0.91350
0.1620 0.92039
0.1630 0.92595
0.1640 0.93017
0.1650 0.93306
0.1660 0.93459
0.1670 0.93478
0.1680 0.93363
0.1690 0.93113
0.1700 0.92730
0.1710 0.92213
0.1720 0.91564
0.1730 0.90784
0.1740 0.89873
0.1750 0.88834
0.1760 0.87668
0.1770 0.86375
0.1780 0.84960
0.1790 0.83423
0.1800 0.81767
0.1810 0.79994
0.1820 0.78106
0.1830 0.76108
0.1840 0.74001
0.1850 0.71789
0.1860 0.69474
0.1870 0.67061
0.1880 0.64552
0.1890 0.61952
0.1900 0.59264
0.1910 0.56491
0.1920 0.53639
0.1930 0.50711
0.1940 0.47711
0.1950 0.44644
0.1960 0.41514
0.1970 0.38326
0.1980 0.35084
0.1990 0.31792
0.2000 0.28456
0.2010 0.25081
0.2020 0.21671
0.2030 0.18230
0.2040 0.14765
0.2050 0.11280
0.2060 0.07779
0.2070 0.04268
0.2080 0.00753
0.2090 -0.02763
0.2100 -0.06274
0.2110 -0.09775
0.2120 -0.13261
0.2130 -0.16727
0.2140 -0.20169
0.2150 -0.23580
0.2160 -0.26958
0.2170 -0.30296
0.2180 -0.33590
0.2190 -0.36835
0.2200 -0.40027
0.2210 -0.43161
0.2220 -0.46233
0.2230 -0.49239
0.2240 -0.52174
0.2250 -0.55034
0.2260 -0.57815
0.2270 -0.60514
0.2280 -0.63126
0.2290 -0.65647
0.2300 -0.68075
0.2310 -0.70406
0.2320 -0.72636
0.2330 -0.74763
0.2340 -0.76784
0.2350 -0.78695
0.2360 -0.80495
0.2370 -0.82180
0.2380 -0.83749
0.2390 -0.85199
0.2400 -0.86528
0.2410 -0.87734
0.2420 -0.88817
0.2430 -0.89774
0.2440 -0.90604
0.2450 -0.91306
0.2460 -0.91879
0.2470 -0.92323
0.2480 -0.92637
0.2490 -0.92821
0.2500 -0.92873
0.2510 -0.92796
0.2520 -0.92588
0.2530 -0.92250
0.2540 -0.91783
0.2550 -0.91188
0.2560 -0.90465
0.2570 -0.89615
0.2580 -0.88641
0.2590 -0.87543
0.2600 -0.86323
0.2610 -0.84983
0.2620 -0.83525
0.2630 -0.81951
0.2640 -0.80264
0.2650 -0.78465
0.2660 -0.76559
0.2670 -0.74547
0.2680 -0.72432
0.2690 -0.70218
0.2700 -0.67908
0.2710 -0.65505
0.2720 -0.63013
0.2730 -0.60435
0.2740 -0.57775
0.2750 -0.55038
0.2760 -0.52226
0.2770 -0.49345
0.2780 -0.46398
0.2790 -0.43389
0.2800 -0.40324
0.2810 -0.37205
0.2820 -0.34039
0.2830 -0.30829
0.2840 -0.27581
0.2850 -0.24298
0.2860 -0.20985
0.2870 -0.17648
0.2880 -0.14291
0.2890 -0.10919
0.2900 -0.07537
0.2910 -0.04149
0.2920 -0.00761
0.2930 0.02622
0.2940 0.05997
0.2950 0.09357
0.2960 0.12699
0.2970 0.16017
0.2980 0.19306
0.2990 0.22562
0.3000 0.25781
0.3010 0.28957
0.3020 0.32086
0.3030 0.35164
0.3040 0.38187
0.3050 0.41149
0.3060 0.44047
0.3070 0.46877
0.3080 0.49634
0.3090 0.52315
0.3100 0.54916
0.3110 0.57433
0.3120 0.59863
0.3130 0.62202
0.3140 0.64447
0.3150 0.66595
0.3160 0.68643
0.3170 0.70588
0.3180 0.72426
0.3190 0.74157
0.3200 0.75776
0.3210 0.77283
0.3220 0.78674
0.3230 0.79948
0.3240 0.81103
0.3250 0.82138
0.3260 0.83051
0.3270 0.83841
0.3280 0.84507
0.3290 0.85047
0.3300 0.85462
0.3310 0.85751
0.3320 0.85913
0.3330 0.85948
0.3340 0.85856
0.3350 0.85638
0.3360 0.85294
0.3370 0.84823
0.3380 0.84228
0.3390 0.83509
0.3400 0.82667
0.3410 0.81704
0.3420 0.80620
0.3430 0.79418
0.3440 0.78098
0.3450 0.76664
0.3460 0.75117
0.3470 0.73460
0.3480 0.71694
0.3490 0.69823
0.3500 0.67850
0.3510 0.65776
0.3520 0.63605
0.3530 0.61341
0.3540 0.58986
0.3550 0.56544
0.3560 0.54019
0.3570 0.51413
0.3580 0.48732
0.3590 0.45978
0.3600 0.43155
0.3610 0.40269
0.3620 0.37322
0.3630 0.34319
0.3640 0.31265
0.3650 0.28163
0.3660 0.25019
0.3670 0.21836
0.3680 0.18620
0.3690 0.15374
0.3700 0.12104
0.3710 0.08814
0.3720 0.05509
0.3730 0.02193
0.3740 -0.01128
0.3750 -0.04451
0.3760 -0.07770
0.3770 -0.11080
0.3780 -0.14378
0.3790 -0.17657
0.3800 -0.20915
0.3810 -0.24145
0.3820 -0.27344
0.3830 -0.30506
0.3840 -0.33628
0.3850 -0.36706
0.3860 -0.39733
0.3870 -0.42708
0.3880 -0.45624
0.3890 -0.48479
0.3900 -0.51268
0.3910 -0.53987
0.3920 -0.56632
0.3930 -0.59201
0.3940 -0.61688
0.3950 -0.64091
0.3960 -0.66407
0.3970 -0.68631
0.3980 -0.70762
0.3990 -0.72796
0.4000 -0.74730
0.4010 -0.76561
0.4020 -0.78288
0.4030 -0.79908
0.4040 -0.81418
0.4050 -0.82817
0.4060 -0.84102
0.4070 -0.85272
0.4080 -0.86325
0.4090 -0.87261
0.4100 -0.88077
0.4110 -0.88772
0.4120 -0.89347
0.4130 -0.89799
0.4140 -0.90130
0.4150 -0.90337
0.4160 -0.90421
0.4170 -0.90382
0.4180 -0.90221
0.4190 -0.89937
0.4200 -0.89531
0.4210 -0.89004
0.4220 -0.88356
0.4230 -0.87590
0.4240 -0.86705
0.4250 -0.85703
0.4260 -0.84586
0.4270 -0.83355
0.4280 -0.82013
0.4290 -0.80562
0.4300 -0.79003
0.4310 -0.77339
0.4320 -0.75572
0.4330 -0.73705
0.4340 -0.71742
0.4350 -0.69683
0.4360 -0.67534
0.4370 -0.65297
0.4380 -0.62974
0.4390 -0.60571
0.4400 -0.58089
0.4410 -0.55534
0.4420 -0.52907
0.4430 -0.50215
0.4440 -0.47459
0.4450 -0.44645
0.4460 -0.41776
0.4470 -0.38857
0.4480 -0.35891
0.4490 -0.32884
0.4500 -0.29839
0.4510 -0.26761
0.4520 -0.23654
0.4530 -0.20523
0.4540 -0.17372
0.4550 -0.14207
0.4560 -0.11030
0.4570 -0.07848
0.4580 -0.04664
0.4590 -0.01484
0.4600 0.01689
0.4610 0.04849
0.4620 0.07993
0.4630 0.11115
0.4640 0.14211
0.4650 0.17277
0.4660 0.20309
0.4670 0.23301
0.4680 0.26250
0.4690 0.29151
0.4700 0.32001
0.4710 0.34795
0.4720 0.37530
0.4730 0.40200
0.4740 0.42803
0.4750 0.45336
0.4760 0.47793
0.4770 0.50172
0.4780 0.52470
0.4790 0.54683
0.4800 0.56807
0.4810 0.58841
0.4820 0.60781
0.4830 0.62624
0.4840 0.64368
0.4850 0.66010
0.4860 0.67549
0.4870 0.68981
0.4880 0.70305
0.4890 0.71519
0.4900 0.72622
0.4910 0.73611
0.4920 0.74485
0.4930 0.75244
0.4940 0.75886
0.4950 0.76410
0.4960 0.76816
0.4970 0.77103
0.4980 0.77271
0.4990 0.77319
0.5000 0.77248
0.5010 0.77057
0.5020 0.76747
0.5030 0.76319
0.5040 0.75773
0.5050 0.75110
0.5060 0.74331
0.5070 0.73437
0.5080 0.72429
0.5090 0.71309
0.5100 0.70079
0.5110 0.68740
0.5120 0.67295
0.5130 0.65744
0.5140 0.64092
0.5150 0.62340
0.5160 0.60490
0.5170 0.58545
0.5180 0.56509
0.5190 0.54383
0.5200 0.52172
0.5210 0.49878
0.5220 0.47504
0.5230 0.45055
0.5240 0.42532
0.5250 0.39941
0.5260 0.37285
0.5270 0.34568
0.5280 0.31793
0.5290 0.28964
0.5300 0.26086
0.5310 0.23162
0.5320 0.20198
0.5330 0.17196
0.5340 0.14162
0.5350 0.11099
0.5360 0.08012
0.5370 0.04906
0.5380 0.01784
0.5390 -0.01349
0.5400 -0.04487
0.5410 -0.07628
0.5420 -0.10766
0.5430 -0.13898
0.5440 -0.17017
0.5450 -0.20121
0.5460 -0.23205
0.5470 -0.26264
0.5480 -0.29295
0.5490 -0.32292
0.5500 -0.35252
0.5510 -0.38170
0.5520 -0.41043
0.5530 -0.43866
0.5540 -0.46635
0.5550 -0.49347
0.5560 -0.51998
0.5570 -0.54584
0.5580 -0.57101
0.5590 -0.59546
0.5600 -0.61916
0.5610 -0.64207
0.5620 -0.66415
0.5630 -0.68539
0.5640 -0.70575
0.5650 -0.72520
0.5660 -0.74372
0.5670 -0.76128
0.5680 -0.77785
0.5690 -0.79342
0.5700 -0.80796
0.5710 -0.82145
0.5720 -0.83388
0.5730 -0.84523
0.5740 -0.85548
0.5750 -0.86462
0.5760 -0.87264
0.5770 -0.87952
0.5780 -0.88527
0.5790 -0.88987
0.5800 -0.89331
0.5810 -0.89560
0.5820 -0.89673
0.5830 -0.89670
0.5840 -0.89551
0.5850 -0.89317
0.5860 -0.88968
0.5870 -0.88504
0.5880 -0.87927
0.5890 -0.87237
0.5900 -0.86435
0.5910 -0.85524
0.5920 -0.84503
0.5930 -0.83375
0.5940 -0.82142
0.5950 -0.80804
0.5960 -0.79366
0.5970 -0.77827
0.5980 -0.76192
0.5990 -0.74462
0.6000 -0.72639
0.6010 -0.70728
0.6020 -0.68729
0.6030 -0.66647
0.6040 -0.64485
0.6050 -0.62245
0.6060 -0.59931
0.6070 -0.57547
0.6080 -0.55095
0.6090 -0.52580
0.6100 -0.50005
0.6110 -0.47374
0.6120 -0.44690
0.6130 -0.41959
0.6140 -0.39182
0.6150 -0.36366
0.6160 -0.33513
0.6170 -0.30629
0.6180 -0.27716
0.6190 -0.24780
0.6200 -0.21824
0.6210 -0.18853
0.6220 -0.15871
0.6230 -0.12883
0.6240 -0.09893
0.6250 -0.06904
0.6260 -0.03923
0.6270 -0.00951
0.6280 0.02005
0.6290 0.04941
0.6300 0.07855
0.6310 0.10740
0.6320 0.13594
0.6330 0.16412
0.6340 0.19190
0.6350 0.21924
0.6360 0.24610
0.6370 0.27244
0.6380 0.29822
0.6390 0.32342
0.6400 0.34799
0.6410 0.37189
0.6420 0.39509
0.6430 0.41757
0.6440 0.43928
0.6450 0.46020
0.6460 0.48030
0.6470 0.49954
0.6480 0.51791
0.6490 0.53537
0.6500 0.55190
0.6510 0.56747
0.6520 0.58207
0.6530 0.59568
0.6540 0.60827
0.6550 0.61982
0.6560 0.63033
0.6570 0.63977
0.6580 0.64814
0.6590 0.65541
0.6600 0.66159
0.6610 0.66666
0.6620 0.67061
0.6630 0.67345
0.6640 0.67516
0.6650 0.67575
0.6660 0.67521
0.6670 0.67354
0.6680 0.67075
0.6690 0.66685
0.6700 0.66183
0.6710 0.65571
0.6720 0.64849
0.6730 0.64018
0.6740 0.63081
0.6750 0.62037
0.6760 0.60889
0.6770 0.59638
0.6780 0.58287
0.6790 0.56836
0.6800 0.55288
0.6810 0.53646
0.6820 0.51912
0.6830 0.50087
0.6840 0.48176
0.6850 0.46180
0.6860 0.44102
0.6870 0.41946
0.6880 0.39715
0.6890 0.37411
0.6900 0.35038
0.6910 0.32599
0.6920 0.30098
0.6930 0.27539
0.6940 0.24925
0.6950 0.22259
0.6960 0.19546
0.6970 0.16790
0.6980 0.13993
0.6990 0.11162
0.7000 0.08298
0.7010 0.05407
0.7020 0.02492
0.7030 -0.00441
0.7040 -0.03391
0.7050 -0.06351
0.7060 -0.09318
0.7070 -0.12288
0.7080 -0.15256
0.7090 -0.18218
0.7100 -0.21171
0.7110 -0.24109
0.7120 -0.27030
0.7130 -0.29928
0.7140 -0.32799
0.7150 -0.35641
0.7160 -0.38447
0.7170 -0.41216
0.7180 -0.43942
0.7190 -0.46623
0.7200 -0.49253
0.7210 -0.51830
0.7220 -0.54351
0.7230 -0.56810
0.7240 -0.59206
0.7250 -0.61534
0.7260 -0.63792
0.7270 -0.65977
0.7280 -0.68084
0.7290 -0.70113
0.7300 -0.72058
0.7310 -0.73919
0.7320 -0.75693
0.7330 -0.77376
0.7340 -0.78967
0.7350 -0.80464
0.7360 -0.81865
0.7370 -0.83167
0.7380 -0.84369
0.7390 -0.85469
0.7400 -0.86467
0.7410 -0.87360
0.7420 -0.88147
0.7430 -0.88828
0.7440 -0.89402
0.7450 -0.89868
0.7460 -0.90225
0.7470 -0.90473
0.7480 -0.90612
0.7490 -0.90642
0.7500 -0.90563
0.7510 -0.90374
0.7520 -0.90078
0.7530 -0.89673
0.7540 -0.89161
0.7550 -0.88543
0.7560 -0.87819
0.7570 -0.86992
0.7580 -0.86061
0.7590 -0.85029
0.7600 -0.83897
0.7610 -0.82667
0.7620 -0.81341
0.7630 -0.79921
0.7640 -0.78408
0.7650 -0.76806
0.7660 -0.75117
0.7670 -0.73343
0.7680 -0.71486
0.7690 -0.69551
0.7700 -0.67539
0.7710 -0.65453
0.7720 -0.63297
0.7730 -0.61073
0.7740 -0.58786
0.7750 -0.56438
0.7760 -0.54033
0.7770 -0.51574
0.7780 -0.49066
0.7790 -0.46511
0.7800 -0.43913
0.7810 -0.41277
0.7820 -0.38606
0.7830 -0.35903
0.7840 -0.33174
0.7850 -0.30421
0.7860 -0.27650
0.7870 -0.24863
0.7880 -0.22065
0.7890 -0.19261
0.7900 -0.16453
0.7910 -0.13647
0.7920 -0.10846
0.7930 -0.08054
0.7940 -0.05275
0.7950 -0.02514
0.7960 0.00226
0.7970 0.02941
0.7980 0.05626
0.7990 0.08278
0.8000 0.10894
0.8010 0.13468
0.8020 0.15999
0.8030 0.18481
0.8040 0.20912
0.8050 0.23287
0.8060 0.25604
0.8070 0.27860
0.8080 0.30050
0.8090 0.32172
0.8100 0.34223
0.8110 0.36199
0.8120 0.38099
0.8130 0.39918
0.8140 0.41656
0.8150 0.43308
0.8160 0.44874
0.8170 0.46350
0.8180 0.47735
0.8190 0.49026
0.8200 0.50221
0.8210 0.51320
0.8220 0.52320
0.8230 0.53220
0.8240 0.54019
0.8250 0.54715
0.8260 0.55308
0.8270 0.55797
0.8280 0.56181
0.8290 0.56460
0.8300 0.56632
0.8310 0.56699
0.8320 0.56659
0.8330 0.56514
0.8340 0.56262
0.8350 0.55905
0.8360 0.55443
0.8370 0.54877
0.8380 0.54208
0.8390 0.53435
0.8400 0.52562
0.8410 0.51589
0.8420 0.50516
0.8430 0.49347
0.8440 0.48082
0.8450 0.46723
0.8460 0.45273
0.8470 0.43733
0.8480 0.42106
0.8490 0.40394
0.8500 0.38598
0.8510 0.36723
0.8520 0.34770
0.8530 0.32743
0.8540 0.30644
0.8550 0.28476
0.8560 0.26243
0.8570 0.23947
0.8580 0.21591
0.8590 0.19180
0.8600 0.16716
0.8610 0.14203
0.8620 0.11645
0.8630 0.09045
0.8640 0.06407
0.8650 0.03735
0.8660 0.01031
0.8670 -0.01698
0.8680 -0.04451
0.8690 -0.07223
0.8700 -0.10010
0.8710 -0.12809
0.8720 -0.15614
0.8730 -0.18423
0.8740 -0.21231
0.8750 -0.24035
0.8760 -0.26830
0.8770 -0.29613
0.8780 -0.32379
0.8790 -0.35125
0.8800 -0.37847
0.8810 -0.40541
0.8820 -0.43204
0.8830 -0.45831
0.8840 -0.48420
0.8850 -0.50965
0.8860 -0.53465
0.8870 -0.55914
0.8880 -0.58311
0.8890 -0.60652
0.8900 -0.62932
0.8910 -0.65150
0.8920 -0.67303
0.8930 -0.69386
0.8940 -0.71398
0.8950 -0.73336
0.8960 -0.75196
0.8970 -0.76977
0.8980 -0.78676
0.8990 -0.80290
0.9000 -0.81818
0.9010 -0.83258
0.9020 -0.84607
0.9030 -0.85864
0.9040 -0.87027
0.9050 -0.88094
0.9060 -0.89065
0.9070 -0.89937
0.9080 -0.90711
0.9090 -0.91384
0.9100 -0.91956
0.9110 -0.92426
0.9120 -0.92795
0.9130 -0.93060
0.9140 -0.93223
0.9150 -0.93283
0.9160 -0.93240
0.9170 -0.93094
0.9180 -0.92846
0.9190 -0.92497
0.9200 -0.92046
0.9210 -0.91494
0.9220 -0.90843
0.9230 -0.90094
0.9240 -0.89248
0.9250 -0.88305
0.9260 -0.87269
0.9270 -0.86139
0.9280 -0.84919
0.9290 -0.83609
0.9300 -0.82212
0.9310 -0.80730
0.9320 -0.79166
0.9330 -0.77521
0.9340 -0.75798
0.9350 -0.74000
0.9360 -0.72129
0.9370 -0.70188
0.9380 -0.68180
0.9390 -0.66109
0.9400 -0.63976
0.9410 -0.61786
0.9420 -0.59541
0.9430 -0.57245
0.9440 -0.54901
0.9450 -0.52513
0.9460 -0.50084
0.9470 -0.47617
0.9480 -0.45117
0.9490 -0.42587
0.9500 -0.40031
0.9510 -0.37452
0.9520 -0.34854
0.9530 -0.32242
0.9540 -0.29618
0.9550 -0.26987
0.9560 -0.24352
0.9570 -0.21718
0.9580 -0.19088
0.9590 -0.16465
0.9600 -0.13855
0.9610 -0.11260
0.9620 -0.08684
0.9630 -0.06132
0.9640 -0.03606
0.9650 -0.01111
0.9660 0.01350
0.9670 0.03774
0.9680 0.06156
0.9690 0.08494
0.9700 0.10784
0.9710 0.13023
0.9720 0.15207
0.9730 0.17334
0.9740 0.19400
0.9750 0.21402
0.9760 0.23338
0.9770 0.25204
0.9780 0.26998
0.9790 0.28718
0.9800 0.30360
0.9810 0.31923
0.9820 0.33405
0.9830 0.34802
0.9840 0.36114
0.9850 0.37338
0.9860 0.38472
0.9870 0.39516
0.9880 0.40467
0.9890 0.41323
0.9900 0.42085
0.9910 0.42750
0.9920 0.43318
0.9930 0.43788
0.9940 0.44159
0.9950 0.44431
0.9960 0.44603
0.9970 0.44676
0.9980 0.44648
0.9990 0.44520
1.0000 0.44293
1.0010 0.43966
1.0020 0.43540
1.0030 0.43016
1.0040 0.42394
1.0050 0.41675
1.0060 0.40861
1.0070 0.39951
1.0080 0.38949
1.0090 0.37855
1.0100 0.36670
1.0110 0.35397
1.0120 0.34037
1.0130 0.32592
1.0140 0.31064
1.0150 0.29456
1.0160 0.27769
1.0170 0.26006
1.0180 0.24170
1.0190 0.22263
1.0200 0.20287
1.0210 0.18247
1.0220 0.16143
1.0230 0.13980
1.0240 0.11761
1.0250 0.09488
1.0260 0.07166
1.0270 0.04796
1.0280 0.02383
1.0290 -0.00071
1.0300 -0.02561
1.0310 -0.05084
1.0320 -0.07636
1.0330 -0.10215
1.0340 -0.12816
1.0350 -0.15436
1.0360 -0.18071
1.0370 -0.20717
1.0380 -0.23370
1.0390 -0.26028
1.0400 -0.28686
1.0410 -0.31340
1.0420 -0.33987
1.0430 -0.36623
1.0440 -0.39245
1.0450 -0.41848
1.0460 -0.44429
1.0470 -0.46984
1.0480 -0.49511
1.0490 -0.52005
1.0500 -0.54463
1.0510 -0.56881
1.0520 -0.59257
1.0530 -0.61586
1.0540 -0.63867
1.0550 -0.66094
1.0560 -0.68267
1.0570 -0.70380
1.0580 -0.72432
1.0590 -0.74420
1.0600 -0.76341
1.0610 -0.78193
1.0620 -0.79972
1.0630 -0.81677
1.0640 -0.83305
1.0650 -0.84854
1.0660 -0.86322
1.0670 -0.87707
1.0680 -0.89007
1.0690 -0.90221
1.0700 -0.91346
1.0710 -0.92382
1.0720 -0.93327
1.0730 -0.94179
1.0740 -0.94938
1.0750 -0.95603
1.0760 -0.96173
1.0770 -0.96647
1.0780 -0.97025
1.0790 -0.97306
1.0800 -0.97491
1.0810 -0.97579
1.0820 -0.97569
1.0830 -0.97463
1.0840 -0.97260
1.0850 -0.96961
1.0860 -0.96567
1.0870 -0.96078
1.0880 -0.95495
1.0890 -0.94819
1.0900 -0.94051
1.0910 -0.93193
1.0920 -0.92245
1.0930 -0.91210
1.0940 -0.90088
1.0950 -0.88882
1.0960 -0.87594
1.0970 -0.86225
1.0980 -0.84778
1.0990 -0.83254
1.1000 -0.81657
1.1010 -0.79988
1.1020 -0.78250
1.1030 -0.76446
1.1040 -0.74578
1.1050 -0.72649
1.1060 -0.70662
1.1070 -0.68620
1.1080 -0.66526
1.1090 -0.64383
1.1100 -0.62195
1.1110 -0.59964
1.1120 -0.57694
1.1130 -0.55388
1.1140 -0.53049
1.1150 -0.50682
1.1160 -0.48289
1.1170 -0.45874
1.1180 -0.43441
1.1190 -0.40993
1.1200 -0.38533
1.1210 -0.36066
1.1220 -0.33595
1.1230 -0.31124
1.1240 -0.28655
1.1250 -0.26194
1.1260 -0.23743
1.1270 -0.21305
1.1280 -0.18885
1.1290 -0.16487
1.1300 -0.14112
1.1310 -0.11766
1.1320 -0.09451
1.1330 -0.07171
1.1340 -0.04929
1.1350 -0.02729
1.1360 -0.00572
1.1370 0.01536
1.1380 0.03594
1.1390 0.05598
1.1400 0.07545
1.1410 0.09433
1.1420 0.11259
1.1430 0.13020
1.1440 0.14714
1.1450 0.16338
1.1460 0.17889
1.1470 0.19366
1.1480 0.20767
1.1490 0.22089
1.1500 0.23330
1.1510 0.24490
1.1520 0.25565
1.1530 0.26554
1.1540 0.27457
1.1550 0.28271
1.1560 0.28996
1.1570 0.29630
1.1580 0.30173
1.1590 0.30623
1.1600 0.30981
1.1610 0.31245
1.1620 0.31415
1.1630 0.31491
1.1640 0.31473
1.1650 0.31361
1.1660 0.31154
1.1670 0.30854
1.1680 0.30460
1.1690 0.29974
1.1700 0.29395
1.1710 0.28725
1.1720 0.27964
1.1730 0.27115
1.1740 0.26176
1.1750 0.25151
1.1760 0.24041
1.1770 0.22847
1.1780 0.21570
1.1790 0.20214
1.1800 0.18778
1.1810 0.17267
1.1820 0.15681
1.1830 0.14023
1.1840 0.12295
1.1850 0.10499
1.1860 0.08639
1.1870 0.06717
1.1880 0.04736
1.1890 0.02697
1.1900 0.00605
1.1910 -0.01538
1.1920 -0.03729
1.1930 -0.05965
1.1940 -0.08242
1.1950 -0.10558
1.1960 -0.12909
1.1970 -0.15292
1.1980 -0.17704
1.1990 -0.20140
1.2000 -0.22599
1.2010 -0.25076
1.2020 -0.27568
1.2030 -0.30071
1.2040 -0.32582
1.2050 -0.35097
1.2060 -0.37614
1.2070 -0.40128
1.2080 -0.42635
1.2090 -0.45133
1.2100 -0.47618
1.2110 -0.50086
1.2120 -0.52535
1.2130 -0.54960
1.2140 -0.57358
1.2150 -0.59727
1.2160 -0.62062
1.2170 -0.64360
1.2180 -0.66619
1.2190 -0.68835
1.2200 -0.71005
1.2210 -0.73126
1.2220 -0.75196
1.2230 -0.77211
1.2240 -0.79168
1.2250 -0.81066
1.2260 -0.82901
1.2270 -0.84671
1.2280 -0.86373
1.2290 -0.88006
1.2300 -0.89567
1.2310 -0.91054
1.2320 -0.92465
1.2330 -0.93798
1.2340 -0.95051
1.2350 -0.96223
1.2360 -0.97312
1.2370 -0.98317
1.2380 -0.99237
1.2390 -1.00070
1.2400 -1.00815
1.2410 -1.01471
1.2420 -1.02038
1.2430 -1.02515
1.2440 -1.02902
1.2450 -1.03197
1.2460 -1.03402
1.2470 -1.03515
1.2480 -1.03536
1.2490 -1.03466
1.2500 -1.03306
1.2510 -1.03054
1.2520 -1.02713
1.2530 -1.02282
1.2540 -1.01762
1.2550 -1.01155
1.2560 -1.00461
1.2570 -0.99681
1.2580 -0.98817
1.2590 -0.97869
1.2600 -0.96841
1.2610 -0.95732
1.2620 -0.94546
1.2630 -0.93283
1.2640 -0.91946
1.2650 -0.90536
1.2660 -0.89057
1.2670 -0.87510
1.2680 -0.85897
1.2690 -0.84221
1.2700 -0.82484
1.2710 -0.80690
1.2720 -0.78840
1.2730 -0.76938
1.2740 -0.74987
1.2750 -0.72988
1.2760 -0.70946
1.2770 -0.68864
1.2780 -0.66743
1.2790 -0.64589
1.2800 -0.62403
1.2810 -0.60189
1.2820 -0.57951
1.2830 -0.55691
1.2840 -0.53413
1.2850 -0.51120
1.2860 -0.48816
1.2870 -0.46504
1.2880 -0.44188
1.2890 -0.41871
1.2900 -0.39555
1.2910 -0.37246
1.2920 -0.34945
1.2930 -0.32657
1.2940 -0.30385
1.2950 -0.28132
1.2960 -0.25902
1.2970 -0.23697
1.2980 -0.21521
1.2990 -0.19377
1.3000 -0.17269
1.3010 -0.15198
1.3020 -0.13169
1.3030 -0.11185
1.3040 -0.09247
1.3050 -0.07360
1.3060 -0.05526
1.3070 -0.03747
1.3080 -0.02026
1.3090 -0.00365
1.3100 0.01232
1.3110 0.02764
1.3120 0.04229
1.3130 0.05623
1.3140 0.06946
1.3150 0.08196
1.3160 0.09369
1.3170 0.10466
1.3180 0.11483
1.3190 0.12421
1.3200 0.13276
1.3210 0.14049
1.3220 0.14738
1.3230 0.15341
1.3240 0.15858
1.3250 0.16289
1.3260 0.16632
1.3270 0.16887
1.3280 0.17054
1.3290 0.17132
1.3300 0.17121
1.3310 0.17021
1.3320 0.16833
1.3330 0.16556
1.3340 0.16191
1.3350 0.15739
1.3360 0.15200
1.3370 0.14574
1.3380 0.13863
1.3390 0.13067
1.3400 0.12188
1.3410 0.11227
1.3420 0.10185
1.3430 0.09064
1.3440 0.07865
1.3450 0.06590
1.3460 0.05240
1.3470 0.03818
1.3480 0.02326
1.3490 0.00765
1.3500 -0.00862
1.3510 -0.02552
1.3520 -0.04305
1.3530 -0.06116
1.3540 -0.07984
1.3550 -0.09907
1.3560 -0.11880
1.3570 -0.13902
1.3580 -0.15969
1.3590 -0.18080
1.3600 -0.20230
1.3610 -0.22417
1.3620 -0.24638
1.3630 -0.26890
1.3640 -0.29169
1.3650 -0.31473
1.3660 -0.33798
1.3670 -0.36141
1.3680 -0.38498
1.3690 -0.40867
1.3700 -0.43244
1.3710 -0.45626
1.3720 -0.48009
1.3730 -0.50391
1.3740 -0.52767
1.3750 -0.55136
1.3760 -0.57492
1.3770 -0.59834
1.3780 -0.62157
1.3790 -0.64459
1.3800 -0.66737
1.3810 -0.68987
1.3820 -0.71206
1.3830 -0.73391
1.3840 -0.75540
1.3850 -0.77648
1.3860 -0.79715
1.3870 -0.81735
1.3880 -0.83708
1.3890 -0.85629
1.3900 -0.87497
1.3910 -0.89310
1.3920 -0.91063
1.3930 -0.92756
1.3940 -0.94386
1.3950 -0.95950
1.3960 -0.97447
1.3970 -0.98875
1.3980 -1.00231
1.3990 -1.01515
1.4000 -1.02723
1.4010 -1.03856
1.4020 -1.04910
1.4030 -1.05886
1.4040 -1.06781
1.4050 -1.07595
1.4060 -1.08326
1.4070 -1.08974
1.4080 -1.09538
1.4090 -1.10017
1.4100 -1.10411
1.4110 -1.10720
1.4120 -1.10942
1.4130 -1.11078
1.4140 -1.11128
1.4150 -1.11092
1.4160 -1.10970
1.4170 -1.10763
1.4180 -1.10471
1.4190 -1.10094
1.4200 -1.09634
1.4210 -1.09091
1.4220 -1.08465
1.4230 -1.07759
1.4240 -1.06973
1.4250 -1.06109
1.4260 -1.05167
1.4270 -1.04150
1.4280 -1.03059
1.4290 -1.01896
1.4300 -1.00662
1.4310 -0.99360
1.4320 -0.97991
1.4330 -0.96558
1.4340 -0.95063
1.4350 -0.93508
1.4360 -0.91895
1.4370 -0.90228
1.4380 -0.88507
1.4390 -0.86737
1.4400 -0.84920
1.4410 -0.83058
1.4420 -0.81154
1.4430 -0.79211
1.4440 -0.77232
1.4450 -0.75221
1.4460 -0.73179
1.4470 -0.71110
1.4480 -0.69017
1.4490 -0.66904
1.4500 -0.64773
1.4510 -0.62627
1.4520 -0.60470
1.4530 -0.58305
1.4540 -0.56135
1.4550 -0.53964
1.4560 -0.51793
1.4570 -0.49628
1.4580 -0.47470
1.4590 -0.45324
1.4600 -0.43192
1.4610 -0.41077
1.4620 -0.38983
1.4630 -0.36912
1.4640 -0.34868
1.4650 -0.32854
1.4660 -0.30872
1.4670 -0.28926
1.4680 -0.27018
1.4690 -0.25151
1.4700 -0.23328
1.4710 -0.21552
1.4720 -0.19825
1.4730 -0.18150
1.4740 -0.16529
1.4750 -0.14965
1.4760 -0.13460
1.4770 -0.12016
1.4780 -0.10635
1.4790 -0.09319
1.4800 -0.08071
1.4810 -0.06891
1.4820 -0.05783
1.4830 -0.04747
1.4840 -0.03785
1.4850 -0.02898
1.4860 -0.02088
1.4870 -0.01357
1.4880 -0.00704
1.4890 -0.00131
1.4900 0.00361
1.4910 0.00771
1.4920 0.01099
1.4930 0.01344
1.4940 0.01506
1.4950 0.01584
1.4960 0.01579
1.4970 0.01490
1.4980 0.01317
1.4990 0.01061
1.5000 0.00722
1.5010 0.00300
1.5020 -0.00204
1.5030 -0.00790
1.5040 -0.01456
1.5050 -0.02202
1.5060 -0.03026
1.5070 -0.03929
1.5080 -0.04907
1.5090 -0.05961
1.5100 -0.07088
1.5110 -0.08288
1.5120 -0.09558
1.5130 -0.10896
1.5140 -0.12301
1.5150 -0.13772
1.5160 -0.15305
1.5170 -0.16898
1.5180 -0.18550
1.5190 -0.20259
1.5200 -0.22021
1.5210 -0.23834
1.5220 -0.25696
1.5230 -0.27605
1.5240 -0.29557
1.5250 -0.31550
1.5260 -0.33582
1.5270 -0.35648
1.5280 -0.37748
1.5290 -0.39876
1.5300 -0.42031
1.5310 -0.44210
1.5320 -0.46410
1.5330 -0.48627
1.5340 -0.50858
1.5350 -0.53101
1.5360 -0.55352
1.5370 -0.57609
1.5380 -0.59867
1.5390 -0.62125
1.5400 -0.64378
1.5410 -0.66624
1.5420 -0.68860
1.5430 -0.71082
1.5440 -0.73288
1.5450 -0.75474
1.5460 -0.77638
1.5470 -0.79776
1.5480 -0.81886
1.5490 -0.83965
1.5500 -0.86009
1.5510 -0.88017
1.5520 -0.89985
1.5530 -0.91911
1.5540 -0.93791
1.5550 -0.95625
1.5560 -0.97408
1.5570 -0.99140
1.5580 -1.00816
1.5590 -1.02436
1.5600 -1.03997
1.5610 -1.05496
1.5620 -1.06933
1.5630 -1.08304
1.5640 -1.09609
1.5650 -1.10845
1.5660 -1.12011
1.5670 -1.13106
1.5680 -1.14128
1.5690 -1.15075
1.5700 -1.15947
1.5710 -1.16742
1.5720 -1.17460
1.5730 -1.18099
1.5740 -1.18660
1.5750 -1.19140
1.5760 -1.19541
1.5770 -1.19860
1.5780 -1.20099
1.5790 -1.20257
1.5800 -1.20333
1.5810 -1.20329
1.5820 -1.20243
1.5830 -1.20077
1.5840 -1.19831
1.5850 -1.19504
1.5860 -1.19099
1.5870 -1.18616
1.5880 -1.18055
1.5890 -1.17418
1.5900 -1.16705
1.5910 -1.15918
1.5920 -1.15059
1.5930 -1.14127
1.5940 -1.13126
1.5950 -1.12057
1.5960 -1.10920
1.5970 -1.09719
1.5980 -1.08455
1.5990 -1.07129
1.6000 -1.05745
1.6010 -1.04303
1.6020 -1.02807
1.6030 -1.01259
1.6040 -0.99660
1.6050 -0.98014
1.6060 -0.96323
1.6070 -0.94590
1.6080 -0.92816
1.6090 -0.91005
1.6100 -0.89160
1.6110 -0.87283
1.6120 -0.85378
1.6130 -0.83446
1.6140 -0.81491
1.6150 -0.79516
1.6160 -0.77523
1.6170 -0.75517
1.6180 -0.73499
1.6190 -0.71473
1.6200 -0.69441
1.6210 -0.67408
1.6220 -0.65375
1.6230 -0.63346
1.6240 -0.61324
1.6250 -0.59311
1.6260 -0.57312
1.6270 -0.55328
1.6280 -0.53363
1.6290 -0.51420
1.6300 -0.49501
1.6310 -0.47610
1.6320 -0.45748
1.6330 -0.43920
1.6340 -0.42127
1.6350 -0.40373
1.6360 -0.38659
1.6370 -0.36989
1.6380 -0.35365
1.6390 -0.33789
1.6400 -0.32264
1.6410 -0.30791
1.6420 -0.29374
1.6430 -0.28014
1.6440 -0.26713
1.6450 -0.25473
1.6460 -0.24297
1.6470 -0.23185
1.6480 -0.22139
1.6490 -0.21161
1.6500 -0.20253
1.6510 -0.19416
1.6520 -0.18651
1.6530 -0.17959
1.6540 -0.17341
1.6550 -0.16799
1.6560 -0.16332
1.6570 -0.15943
1.6580 -0.15631
1.6590 -0.15396
1.6600 -0.15241
1.6610 -0.15164
1.6620 -0.15165
1.6630 -0.15246
1.6640 -0.15405
1.6650 -0.15643
1.6660 -0.15960
1.6670 -0.16354
1.6680 -0.16826
1.6690 -0.17375
1.6700 -0.18000
1.6710 -0.18701
1.6720 -0.19476
1.6730 -0.20324
1.6740 -0.21245
1.6750 -0.22236
1.6760 -0.23297
1.6770 -0.24427
1.6780 -0.25623
1.6790 -0.26884
1.6800 -0.28208
1.6810 -0.29594
1.6820 -0.31040
1.6830 -0.32543
1.6840 -0.34101
1.6850 -0.35713
1.6860 -0.37377
1.6870 -0.39089
1.6880 -0.40847
1.6890 -0.42650
1.6900 -0.44495
1.6910 -0.46378
1.6920 -0.48298
1.6930 -0.50252
1.6940 -0.52237
1.6950 -0.54250
1.6960 -0.56289
1.6970 -0.58351
1.6980 -0.60433
1.6990 -0.62532
1.7000 -0.64645
1.7010 -0.66770
1.7020 -0.68903
1.7030 -0.71042
1.7040 -0.73183
1.7050 -0.75324
1.7060 -0.77461
1.7070 -0.79592
1.7080 -0.81714
1.7090 -0.83824
1.7100 -0.85919
1.7110 -0.87996
1.7120 -0.90053
1.7130 -0.92086
1.7140 -0.94093
1.7150 -0.96071
1.7160 -0.98018
1.7170 -0.99930
1.7180 -1.01806
1.7190 -1.03642
1.7200 -1.05436
1.7210 -1.07186
1.7220 -1.08890
1.7230 -1.10545
1.7240 -1.12148
1.7250 -1.13699
1.7260 -1.15194
1.7270 -1.16632
1.7280 -1.18012
1.7290 -1.19330
1.7300 -1.20585
1.7310 -1.21777
1.7320 -1.22903
1.7330 -1.23961
1.7340 -1.24951
1.7350 -1.25871
1.7360 -1.26721
1.7370 -1.27498
1.7380 -1.28203
1.7390 -1.28834
1.7400 -1.29390
1.7410 -1.29872
1.7420 -1.30278
1.7430 -1.30607
1.7440 -1.30861
1.7450 -1.31039
1.7460 -1.31140
1.7470 -1.31164
1.7480 -1.31112
1.7490 -1.30984
1.7500 -1.30781
1.7510 -1.30502
1.7520 -1.30149
1.7530 -1.29721
1.7540 -1.29221
1.7550 -1.28648
1.7560 -1.28004
1.7570 -1.27290
1.7580 -1.26507
1.7590 -1.25657
1.7600 -1.24740
1.7610 -1.23758
1.7620 -1.22713
1.7630 -1.21607
1.7640 -1.20440
1.7650 -1.19216
1.7660 -1.17936
1.7670 -1.16602
1.7680 -1.15216
1.7690 -1.13780
1.7700 -1.12296
1.7710 -1.10767
1.7720 -1.09195
1.7730 -1.07583
1.7740 -1.05932
1.7750 -1.04246
1.7760 -1.02527
1.7770 -1.00777
1.7780 -0.99000
1.7790 -0.97198
1.7800 -0.95373
1.7810 -0.93529
1.7820 -0.91667
1.7830 -0.89792
1.7840 -0.87906
1.7850 -0.86011
1.7860 -0.84111
1.7870 -0.82208
1.7880 -0.80305
1.7890 -0.78405
1.7900 -0.76511
1.7910 -0.74626
1.7920 -0.72753
1.7930 -0.70893
1.7940 -0.69051
1.7950 -0.67228
1.7960 -0.65429
1.7970 -0.63654
1.7980 -0.61907
1.7990 -0.60191
1.8000 -0.58508
1.8010 -0.56860
1.8020 -0.55251
1.8030 -0.53681
1.8040 -0.52155
1.8050 -0.50674
1.8060 -0.49240
1.8070 -0.47855
1.8080 -0.46522
1.8090 -0.45242
1.8100 -0.44018
1.8110 -0.42851
1.8120 -0.41743
1.8130 -0.40696
1.8140 -0.39711
1.8150 -0.38790
1.8160 -0.37934
1.8170 -0.37144
1.8180 -0.36423
1.8190 -0.35770
1.8200 -0.35186
1.8210 -0.34674
1.8220 -0.34233
1.8230 -0.33864
1.8240 -0.33569
1.8250 -0.33346
1.8260 -0.33198
1.8270 -0.33123
1.8280 -0.33123
1.8290 -0.33197
1.8300 -0.33345
1.8310 -0.33568
1.8320 -0.33864
1.8330 -0.34234
1.8340 -0.34678
1.8350 -0.35193
1.8360 -0.35781
1.8370 -0.36440
1.8380 -0.37169
1.8390 -0.37968
1.8400 -0.38835
1.8410 -0.39769
1.8420 -0.40769
1.8430 -0.41834
1.8440 -0.42961
1.8450 -0.44151
1.8460 -0.45400
1.8470 -0.46708
1.8480 -0.48072
1.8490 -0.49491
1.8500 -0.50962
1.8510 -0.52485
1.8520 -0.54056
1.8530 -0.55674
1.8540 -0.57335
1.8550 -0.59039
1.8560 -0.60783
1.8570 -0.62564
1.8580 -0.64380
1.8590 -0.66228
1.8600 -0.68106
1.8610 -0.70012
1.8620 -0.71942
1.8630 -0.73894
1.8640 -0.75866
1.8650 -0.77854
1.8660 -0.79857
1.8670 -0.81870
1.8680 -0.83893
1.8690 -0.85921
1.8700 -0.87951
1.8710 -0.89982
1.8720 -0.92011
1.8730 -0.94034
1.8740 -0.96049
1.8750 -0.98054
1.8760 -1.00045
1.8770 -1.02019
1.8780 -1.03975
1.8790 -1.05909
1.8800 -1.07819
1.8810 -1.09703
1.8820 -1.11557
1.8830 -1.13379
1.8840 -1.15168
1.8850 -1.16919
1.8860 -1.18632
1.8870 -1.20303
1.8880 -1.21931
1.8890 -1.23514
1.8900 -1.25049
1.8910 -1.26534
1.8920 -1.27968
1.8930 -1.29348
1.8940 -1.30672
1.8950 -1.31940
1.8960 -1.33149
1.8970 -1.34298
1.8980 -1.35385
1.8990 -1.36409
1.9000 -1.37369
1.9010 -1.38264
1.9020 -1.39091
1.9030 -1.39851
1.9040 -1.40543
1.9050 -1.41166
1.9060 -1.41718
1.9070 -1.42200
1.9080 -1.42611
1.9090 -1.42950
1.9100 -1.43217
1.9110 -1.43413
1.9120 -1.43536
1.9130 -1.43588
1.9140 -1.43567
1.9150 -1.43475
1.9160 -1.43312
1.9170 -1.43077
1.9180 -1.42772
1.9190 -1.42397
1.9200 -1.41954
1.9210 -1.41441
1.9220 -1.40862
1.9230 -1.40216
1.9240 -1.39505
1.9250 -1.38730
1.9260 -1.37892
1.9270 -1.36993
1.9280 -1.36034
1.9290 -1.35017
1.9300 -1.33943
1.9310 -1.32814
1.9320 -1.31632
1.9330 -1.30399
1.9340 -1.29116
1.9350 -1.27786
1.9360 -1.26411
1.9370 -1.24992
1.9380 -1.23533
1.9390 -1.22035
1.9400 -1.20500
1.9410 -1.18932
1.9420 -1.17332
1.9430 -1.15702
1.9440 -1.14046
1.9450 -1.12366
1.9460 -1.10664
1.9470 -1.08944
1.9480 -1.07207
1.9490 -1.05456
1.9500 -1.03694
1.9510 -1.01923
1.9520 -1.00147
1.9530 -0.98368
1.9540 -0.96588
1.9550 -0.94811
1.9560 -0.93039
1.9570 -0.91274
1.9580 -0.89520
1.9590 -0.87778
1.9600 -0.86053
1.9610 -0.84345
1.9620 -0.82658
1.9630 -0.80994
1.9640 -0.79356
1.9650 -0.77747
1.9660 -0.76168
1.9670 -0.74622
1.9680 -0.73111
1.9690 -0.71638
1.9700 -0.70205
1.9710 -0.68814
1.9720 -0.67467
1.9730 -0.66167
1.9740 -0.64914
1.9750 -0.63712
1.9760 -0.62561
1.9770 -0.61464
1.9780 -0.60422
1.9790 -0.59437
1.9800 -0.58511
1.9810 -0.57644
1.9820 -0.56838
1.9830 -0.56095
1.9840 -0.55416
1.9850 -0.54801
1.9860 -0.54251
1.9870 -0.53769
1.9880 -0.53353
1.9890 -0.53005
1.9900 -0.52726
1.9910 -0.52516
1.9920 -0.52376
1.9930 -0.52305
1.9940 -0.52304
1.9950 -0.52374
1.9960 -0.52513
1.9970 -0.52722
1.9980 -0.53001
1.9990 -0.53350
2.0000 -0.53767
2.0010 -0.54253
2.0020 -0.54807
2.0030 -0.55428
2.0040 -0.56115
2.0050 -0.56869
2.0060 -0.57686
2.0070 -0.58568
2.0080 -0.59511
2.0090 -0.60516
2.0100 -0.61580
2.0110 -0.62703
2.0120 -0.63883
2.0130 -0.65118
2.0140 -0.66407
2.0150 -0.67747
2.0160 -0.69138
2.0170 -0.70577
2.0180 -0.72062
2.0190 -0.73591
2.0200 -0.75163
2.0210 -0.76775
2.0220 -0.78424
2.0230 -0.80110
2.0240 -0.81828
2.0250 -0.83578
2.0260 -0.85356
2.0270 -0.87160
2.0280 -0.88989
2.0290 -0.90838
2.0300 -0.92707
2.0310 -0.94592
2.0320 -0.96490
2.0330 -0.98399
2.0340 -1.00318
2.0350 -1.02242
2.0360 -1.04169
2.0370 -1.06097
2.0380 -1.08023
2.0390 -1.09945
2.0400 -1.11860
2.0410 -1.13765
2.0420 -1.15658
2.0430 -1.17536
2.0440 -1.19397
2.0450 -1.21238
2.0460 -1.23057
2.0470 -1.24851
2.0480 -1.26618
2.0490 -1.28356
2.0500 -1.30062
2.0510 -1.31734
2.0520 -1.33369
2.0530 -1.34967
2.0540 -1.36524
2.0550 -1.38038
2.0560 -1.39508
2.0570 -1.40931
2.0580 -1.42306
2.0590 -1.43631
2.0600 -1.44904
2.0610 -1.46124
2.0620 -1.47289
2.0630 -1.48397
2.0640 -1.49448
2.0650 -1.50440
2.0660 -1.51371
2.0670 -1.52240
2.0680 -1.53047
2.0690 -1.53791
2.0700 -1.54470
2.0710 -1.55084
2.0720 -1.55632
2.0730 -1.56114
2.0740 -1.56529
2.0750 -1.56877
2.0760 -1.57157
2.0770 -1.57369
2.0780 -1.57514
2.0790 -1.57590
2.0800 -1.57599
2.0810 -1.57540
2.0820 -1.57414
2.0830 -1.57220
2.0840 -1.56961
2.0850 -1.56635
2.0860 -1.56244
2.0870 -1.55789
2.0880 -1.55270
2.0890 -1.54688
2.0900 -1.54045
2.0910 -1.53341
2.0920 -1.52578
2.0930 -1.51757
2.0940 -1.50878
2.0950 -1.49945
2.0960 -1.48958
2.0970 -1.47919
2.0980 -1.46829
2.0990 -1.45691
2.1000 -1.44506
2.1010 -1.43276
2.1020 -1.42002
2.1030 -1.40688
2.1040 -1.39335
2.1050 -1.37944
2.1060 -1.36519
2.1070 -1.35062
2.1080 -1.33574
2.1090 -1.32058
2.1100 -1.30517
2.1110 -1.28952
2.1120 -1.27367
2.1130 -1.25763
2.1140 -1.24143
2.1150 -1.22510
2.1160 -1.20866
2.1170 -1.19213
2.1180 -1.17554
2.1190 -1.15892
2.1200 -1.14229
2.1210 -1.12568
2.1220 -1.10911
2.1230 -1.09261
2.1240 -1.07620
2.1250 -1.05990
2.1260 -1.04375
2.1270 -1.02776
2.1280 -1.01196
2.1290 -0.99638
2.1300 -0.98104
2.1310 -0.96596
2.1320 -0.95116
2.1330 -0.93667
2.1340 -0.92250
2.1350 -0.90869
2.1360 -0.89525
2.1370 -0.88220
2.1380 -0.86957
2.1390 -0.85736
2.1400 -0.84561
2.1410 -0.83432
2.1420 -0.82352
2.1430 -0.81322
2.1440 -0.80343
2.1450 -0.79418
2.1460 -0.78548
2.1470 -0.77734
2.1480 -0.76977
2.1490 -0.76279
2.1500 -0.75641
2.1510 -0.75063
2.1520 -0.74547
2.1530 -0.74093
2.1540 -0.73703
2.1550 -0.73376
2.1560 -0.73115
2.1570 -0.72918
2.1580 -0.72786
2.1590 -0.72720
2.1600 -0.72720
2.1610 -0.72786
2.1620 -0.72918
2.1630 -0.73116
2.1640 -0.73380
2.1650 -0.73709
2.1660 -0.74104
2.1670 -0.74563
2.1680 -0.75086
2.1690 -0.75673
2.1700 -0.76322
2.1710 -0.77034
2.1720 -0.77806
2.1730 -0.78639
2.1740 -0.79531
2.1750 -0.80480
2.1760 -0.81486
2.1770 -0.82547
2.1780 -0.83663
2.1790 -0.84830
2.1800 -0.86049
2.1810 -0.87317
2.1820 -0.88632
2.1830 -0.89993
2.1840 -0.91398
2.1850 -0.92846
2.1860 -0.94333
2.1870 -0.95859
2.1880 -0.97420
2.1890 -0.99016
2.1900 -1.00644
2.1910 -1.02301
2.1920 -1.03986
2.1930 -1.05696
2.1940 -1.07429
2.1950 -1.09182
2.1960 -1.10954
2.1970 -1.12741
2.1980 -1.14542
2.1990 -1.16354
2.2000 -1.18175
2.2010 -1.20002
2.2020 -1.21832
2.2030 -1.23663
2.2040 -1.25494
2.2050 -1.27320
2.2060 -1.29141
2.2070 -1.30952
2.2080 -1.32753
2.2090 -1.34541
2.2100 -1.36312
2.2110 -1.38066
2.2120 -1.39799
2.2130 -1.41509
2.2140 -1.43194
2.2150 -1.44852
2.2160 -1.46480
2.2170 -1.48077
2.2180 -1.49640
2.2190 -1.51167
2.2200 -1.52657
2.2210 -1.54107
2.2220 -1.55515
2.2230 -1.56880
2.2240 -1.58200
2.2250 -1.59473
2.2260 -1.60697
2.2270 -1.61872
2.2280 -1.62995
2.2290 -1.64065
2.2300 -1.65081
2.2310 -1.66041
2.2320 -1.66945
2.2330 -1.67791
2.2340 -1.68578
2.2350 -1.69306
2.2360 -1.69973
2.2370 -1.70579
2.2380 -1.71123
2.2390 -1.71604
2.2400 -1.72023
2.2410 -1.72378
2.2420 -1.72670
2.2430 -1.72898
2.2440 -1.73061
2.2450 -1.73161
2.2460 -1.73197
2.2470 -1.73169
2.2480 -1.73078
2.2490 -1.72923
2.2500 -1.72706
2.2510 -1.72426
2.2520 -1.72085
2.2530 -1.71683
2.2540 -1.71221
2.2550 -1.70700
2.2560 -1.70120
2.2570 -1.69483
2.2580 -1.68789
2.2590 -1.68041
2.2600 -1.67239
2.2610 -1.66385
2.2620 -1.65480
2.2630 -1.64525
2.2640 -1.63523
2.2650 -1.62474
2.2660 -1.61381
2.2670 -1.60245
2.2680 -1.59068
2.2690 -1.57851
2.2700 -1.56598
2.2710 -1.55310
2.2720 -1.53988
2.2730 -1.52635
2.2740 -1.51254
2.2750 -1.49845
2.2760 -1.48412
2.2770 -1.46957
2.2780 -1.45481
2.2790 -1.43988
2.2800 -1.42479
2.2810 -1.40957
2.2820 -1.39424
2.2830 -1.37883
2.2840 -1.36336
2.2850 -1.34785
2.2860 -1.33232
2.2870 -1.31681
2.2880 -1.30133
2.2890 -1.28591
2.2900 -1.27057
2.2910 -1.25534
2.2920 -1.24024
2.2930 -1.22528
2.2940 -1.21051
2.2950 -1.19593
2.2960 -1.18157
2.2970 -1.16745
2.2980 -1.15359
2.2990 -1.14003
2.3000 -1.12676
2.3010 -1.11382
2.3020 -1.10123
2.3030 -1.08901
2.3040 -1.07717
2.3050 -1.06573
2.3060 -1.05471
2.3070 -1.04413
2.3080 -1.03400
2.3090 -1.02434
2.3100 -1.01517
2.3110 -1.00650
2.3120 -0.99834
2.3130 -0.99070
2.3140 -0.98361
2.3150 -0.97706
2.3160 -0.97108
2.3170 -0.96566
2.3180 -0.96083
2.3190 -0.95658
2.3200 -0.95293
2.3210 -0.94988
2.3220 -0.94743
2.3230 -0.94560
2.3240 -0.94438
2.3250 -0.94378
2.3260 -0.94380
2.3270 -0.94444
2.3280 -0.94571
2.3290 -0.94759
2.3300 -0.95010
2.3310 -0.95323
2.3320 -0.95697
2.3330 -0.96132
2.3340 -0.96627
2.3350 -0.97183
2.3360 -0.97797
2.3370 -0.98471
2.3380 -0.99202
2.3390 -0.99990
2.3400 -1.00834
2.3410 -1.01732
2.3420 -1.02684
2.3430 -1.03689
2.3440 -1.04744
2.3450 -1.05849
2.3460 -1.07003
2.3470 -1.08203
2.3480 -1.09448
2.3490 -1.10737
2.3500 -1.12068
2.3510 -1.13439
2.3520 -1.14847
2.3530 -1.16293
2.3540 -1.17773
2.3550 -1.19285
2.3560 -1.20828
2.3570 -1.22399
2.3580 -1.23996
2.3590 -1.25618
2.3600 -1.27261
2.3610 -1.28925
2.3620 -1.30606
2.3630 -1.32303
2.3640 -1.34012
2.3650 -1.35733
2.3660 -1.37462
2.3670 -1.39197
2.3680 -1.40936
2.3690 -1.42677
2.3700 -1.44417
2.3710 -1.46154
2.3720 -1.47886
2.3730 -1.49610
2.3740 -1.51325
2.3750 -1.53027
2.3760 -1.54714
2.3770 -1.56385
2.3780 -1.58038
2.3790 -1.59669
2.3800 -1.61277
2.3810 -1.62859
2.3820 -1.64415
2.3830 -1.65941
2.3840 -1.67435
2.3850 -1.68897
2.3860 -1.70323
2.3870 -1.71712
2.3880 -1.73062
2.3890 -1.74372
2.3900 -1.75640
2.3910 -1.76864
2.3920 -1.78042
2.3930 -1.79174
2.3940 -1.80257
2.3950 -1.81291
2.3960 -1.82274
2.3970 -1.83205
2.3980 -1.84082
2.3990 -1.84906
2.4000 -1.85674
2.4010 -1.86386
2.4020 -1.87042
2.4030 -1.87640
2.4040 -1.88180
2.4050 -1.88661
2.4060 -1.89082
2.4070 -1.89444
2.4080 -1.89747
2.4090 -1.89989
2.4100 -1.90170
2.4110 -1.90292
2.4120 -1.90353
2.4130 -1.90354
2.4140 -1.90296
2.4150 -1.90177
2.4160 -1.90000
2.4170 -1.89763
2.4180 -1.89469
2.4190 -1.89117
2.4200 -1.88708
2.4210 -1.88243
2.4220 -1.87723
2.4230 -1.87149
2.4240 -1.86521
2.4250 -1.85842
2.4260 -1.85112
2.4270 -1.84332
2.4280 -1.83504
2.4290 -1.82628
2.4300 -1.81708
2.4310 -1.80744
2.4320 -1.79737
2.4330 -1.78690
2.4340 -1.77603
2.4350 -1.76480
2.4360 -1.75321
2.4370 -1.74129
2.4380 -1.72905
2.4390 -1.71651
2.4400 -1.70370
2.4410 -1.69062
2.4420 -1.67732
2.4430 -1.66380
2.4440 -1.65008
2.4450 -1.63619
2.4460 -1.62215
2.4470 -1.60799
2.4480 -1.59371
2.4490 -1.57936
2.4500 -1.56494
2.4510 -1.55048
2.4520 -1.53600
2.4530 -1.52153
2.4540 -1.50709
2.4550 -1.49270
2.4560 -1.47838
2.4570 -1.46415
2.4580 -1.45004
2.4590 -1.43608
2.4600 -1.42227
2.4610 -1.40864
2.4620 -1.39522
2.4630 -1.38202
2.4640 -1.36906
2.4650 -1.35637
2.4660 -1.34396
2.4670 -1.33186
2.4680 -1.32008
2.4690 -1.30864
2.4700 -1.29755
2.4710 -1.28685
2.4720 -1.27653
2.4730 -1.26663
2.4740 -1.25715
2.4750 -1.24811
2.4760 -1.23952
2.4770 -1.23141
2.4780 -1.22377
2.4790 -1.21663
2.4800 -1.20999
2.4810 -1.20387
2.4820 -1.19827
2.4830 -1.19321
2.4840 -1.18869
2.4850 -1.18473
2.4860 -1.18132
2.4870 -1.17848
2.4880 -1.17621
2.4890 -1.17452
2.4900 -1.17341
2.4910 -1.17287
2.4920 -1.17293
2.4930 -1.17357
2.4940 -1.17479
2.4950 -1.17660
2.4960 -1.17900
2.4970 -1.18198
2.4980 -1.18553
2.4990 -1.18967
2.5000 -1.19437
2.5010 -1.19965
2.5020 -1.20548
2.5030 -1.21187
2.5040 -1.21880
2.5050 -1.22627
2.5060 -1.23427
2.5070 -1.24278
2.5080 -1.25180
2.5090 -1.26132
2.5100 -1.27133
2.5110 -1.28180
2.5120 -1.29273
2.5130 -1.30410
2.5140 -1.31591
2.5150 -1.32812
2.5160 -1.34074
2.5170 -1.35373
2.5180 -1.36709
2.5190 -1.38080
2.5200 -1.39483
2.5210 -1.40917
2.5220 -1.42381
2.5230 -1.43871
2.5240 -1.45387
2.5250 -1.46926
2.5260 -1.48486
2.5270 -1.50066
2.5280 -1.51662
2.5290 -1.53274
2.5300 -1.54898
2.5310 -1.56533
2.5320 -1.58176
2.5330 -1.59826
2.5340 -1.61479
2.5350 -1.63135
2.5360 -1.64791
2.5370 -1.66444
2.5380 -1.68092
2.5390 -1.69734
2.5400 -1.71367
2.5410 -1.72989
2.5420 -1.74598
2.5430 -1.76192
2.5440 -1.77768
2.5450 -1.79325
2.5460 -1.80860
2.5470 -1.82372
2.5480 -1.83859
2.5490 -1.85318
2.5500 -1.86748
2.5510 -1.88147
2.5520 -1.89514
2.5530 -1.90845
2.5540 -1.92141
2.5550 -1.93399
2.5560 -1.94617
2.5570 -1.95794
2.5580 -1.96929
2.5590 -1.98020
2.5600 -1.99066
2.5610 -2.00066
2.5620 -2.01017
2.5630 -2.01920
2.5640 -2.02773
2.5650 -2.03575
2.5660 -2.04326
2.5670 -2.05023
2.5680 -2.05668
2.5690 -2.06258
2.5700 -2.06793
2.5710 -2.07273
2.5720 -2.07698
2.5730 -2.08066
2.5740 -2.08378
2.5750 -2.08634
2.5760 -2.08832
2.5770 -2.08974
2.5780 -2.09059
2.5790 -2.09087
2.5800 -2.09059
2.5810 -2.08974
2.5820 -2.08834
2.5830 -2.08638
2.5840 -2.08387
2.5850 -2.08082
2.5860 -2.07724
2.5870 -2.07312
2.5880 -2.06848
2.5890 -2.06333
2.5900 -2.05767
2.5910 -2.05153
2.5920 -2.04490
2.5930 -2.03780
2.5940 -2.03025
2.5950 -2.02224
2.5960 -2.01381
2.5970 -2.00497
2.5980 -1.99572
2.5990 -1.98608
2.6000 -1.97608
2.6010 -1.96572
2.6020 -1.95502
2.6030 -1.94400
2.6040 -1.93268
2.6050 -1.92108
2.6060 -1.90921
2.6070 -1.89710
2.6080 -1.88476
2.6090 -1.87222
2.6100 -1.85948
2.6110 -1.84659
2.6120 -1.83354
2.6130 -1.82037
2.6140 -1.80710
2.6150 -1.79374
2.6160 -1.78032
2.6170 -1.76685
2.6180 -1.75337
2.6190 -1.73989
2.6200 -1.72643
2.6210 -1.71301
2.6220 -1.69966
2.6230 -1.68639
2.6240 -1.67323
2.6250 -1.66019
2.6260 -1.64730
2.6270 -1.63458
2.6280 -1.62205
2.6290 -1.60972
2.6300 -1.59762
2.6310 -1.58577
2.6320 -1.57418
2.6330 -1.56287
2.6340 -1.55186
2.6350 -1.54117
2.6360 -1.53081
2.6370 -1.52081
2.6380 -1.51117
2.6390 -1.50191
2.6400 -1.49305
2.6410 -1.48460
2.6420 -1.47658
2.6430 -1.46900
2.6440 -1.46187
2.6450 -1.45519
2.6460 -1.44900
2.6470 -1.44329
2.6480 -1.43807
2.6490 -1.43335
2.6500 -1.42915
2.6510 -1.42546
2.6520 -1.42230
2.6530 -1.41967
2.6540 -1.41758
2.6550 -1.41603
2.6560 -1.41503
2.6570 -1.41457
2.6580 -1.41467
2.6590 -1.41531
2.6600 -1.41651
2.6610 -1.41826
2.6620 -1.42057
2.6630 -1.42342
2.6640 -1.42682
2.6650 -1.43076
2.6660 -1.43525
2.6670 -1.44026
2.6680 -1.44581
2.6690 -1.45188
2.6700 -1.45847
2.6710 -1.46556
2.6720 -1.47315
2.6730 -1.48124
2.6740 -1.48980
2.6750 -1.49884
2.6760 -1.50833
2.6770 -1.51827
2.6780 -1.52864
2.6790 -1.53943
2.6800 -1.55063
2.6810 -1.56222
2.6820 -1.57419
2.6830 -1.58652
2.6840 -1.59920
2.6850 -1.61221
2.6860 -1.62553
2.6870 -1.63915
2.6880 -1.65304
2.6890 -1.66720
2.6900 -1.68159
2.6910 -1.69621
2.6920 -1.71103
2.6930 -1.72604
2.6940 -1.74121
2.6950 -1.75653
2.6960 -1.77197
2.6970 -1.78752
2.6980 -1.80315
2.6990 -1.81884
2.7000 -1.83458
2.7010 -1.85034
2.7020 -1.86610
2.7030 -1.88184
2.7040 -1.89755
2.7050 -1.91320
2.7060 -1.92876
2.7070 -1.94423
2.7080 -1.95958
2.7090 -1.97478
2.7100 -1.98983
2.7110 -2.00470
2.7120 -2.01937
2.7130 -2.03383
2.7140 -2.04805
2.7150 -2.06201
2.7160 -2.07571
2.7170 -2.08911
2.7180 -2.10221
2.7190 -2.11499
2.7200 -2.12743
2.7210 -2.13952
2.7220 -2.15124
2.7230 -2.16257
2.7240 -2.17351
2.7250 -2.18404
2.7260 -2.19414
2.7270 -2.20381
2.7280 -2.21303
2.7290 -2.22180
2.7300 -2.23009
2.7310 -2.23791
2.7320 -2.24524
2.7330 -2.25208
2.7340 -2.25841
2.7350 -2.26424
2.7360 -2.26955
2.7370 -2.27435
2.7380 -2.27861
2.7390 -2.28235
2.7400 -2.28556
2.7410 -2.28824
2.7420 -2.29038
2.7430 -2.29199
2.7440 -2.29306
2.7450 -2.29359
2.7460 -2.29360
2.7470 -2.29307
2.7480 -2.29202
2.7490 -2.29044
2.7500 -2.28834
2.7510 -2.28573
2.7520 -2.28262
2.7530 -2.27900
2.7540 -2.27489
2.7550 -2.27029
2.7560 -2.26522
2.7570 -2.25969
2.7580 -2.25369
2.7590 -2.24726
2.7600 -2.24038
2.7610 -2.23309
2.7620 -2.22539
2.7630 -2.21729
2.7640 -2.20881
2.7650 -2.19997
2.7660 -2.19077
2.7670 -2.18124
2.7680 -2.17138
2.7690 -2.16122
2.7700 -2.15077
2.7710 -2.14006
2.7720 -2.12908
2.7730 -2.11788
2.7740 -2.10645
2.7750 -2.09483
2.7760 -2.08303
2.7770 -2.07107
2.7780 -2.05896
2.7790 -2.04673
2.7800 -2.03440
2.7810 -2.02199
2.7820 -2.00952
2.7830 -1.99700
2.7840 -1.98446
2.7850 -1.97191
2.7860 -1.95938
2.7870 -1.94689
2.7880 -1.93446
2.7890 -1.92210
2.7900 -1.90983
2.7910 -1.89769
2.7920 -1.88567
2.7930 -1.87381
2.7940 -1.86213
2.7950 -1.85063
2.7960 -1.83935
2.7970 -1.82829
2.7980 -1.81747
2.7990 -1.80692
2.8000 -1.79665
2.8010 -1.78668
2.8020 -1.77701
2.8030 -1.76768
2.8040 -1.75868
2.8050 -1.75005
2.8060 -1.74179
2.8070 -1.73391
2.8080 -1.72643
2.8090 -1.71936
2.8100 -1.71271
2.8110 -1.70650
2.8120 -1.70073
2.8130 -1.69541
2.8140 -1.69056
2.8150 -1.68618
2.8160 -1.68228
2.8170 -1.67887
2.8180 -1.67595
2.8190 -1.67354
2.8200 -1.67162
2.8210 -1.67022
2.8220 -1.66933
2.8230 -1.66896
2.8240 -1.66911
2.8250 -1.66977
2.8260 -1.67096
2.8270 -1.67266
2.8280 -1.67489
2.8290 -1.67763
2.8300 -1.68090
2.8310 -1.68467
2.8320 -1.68895
2.8330 -1.69374
2.8340 -1.69903
2.8350 -1.70481
2.8360 -1.71108
2.8370 -1.71783
2.8380 -1.72506
2.8390 -1.73274
2.8400 -1.74089
2.8410 -1.74947
2.8420 -1.75849
2.8430 -1.76794
2.8440 -1.77779
2.8450 -1.78804
2.8460 -1.79868
2.8470 -1.80970
2.8480 -1.82107
2.8490 -1.83278
2.8500 -1.84483
2.8510 -1.85719
2.8520 -1.86984
2.8530 -1.88278
2.8540 -1.89599
2.8550 -1.90944
2.8560 -1.92313
2.8570 -1.93703
2.8580 -1.95112
2.8590 -1.96539
2.8600 -1.97982
2.8610 -1.99439
2.8620 -2.00908
2.8630 -2.02388
2.8640 -2.03876
2.8650 -2.05370
2.8660 -2.06869
2.8670 -2.08370
2.8680 -2.09872
2.8690 -2.11373
2.8700 -2.12870
2.8710 -2.14362
2.8720 -2.15847
2.8730 -2.17323
2.8740 -2.18788
2.8750 -2.20241
2.8760 -2.21678
2.8770 -2.23100
2.8780 -2.24503
2.8790 -2.25886
2.8800 -2.27247
2.8810 -2.28584
2.8820 -2.29897
2.8830 -2.31182
2.8840 -2.32439
2.8850 -2.33666
2.8860 -2.34862
2.8870 -2.36024
2.8880 -2.37152
2.8890 -2.38244
2.8900 -2.39299
2.8910 -2.40316
2.8920 -2.41293
2.8930 -2.42229
2.8940 -2.43123
2.8950 -2.43974
2.8960 -2.44782
2.8970 -2.45544
2.8980 -2.46261
2.8990 -2.46932
2.9000 -2.47555
2.9010 -2.48130
2.9020 -2.48657
2.9030 -2.49136
2.9040 -2.49565
2.9050 -2.49944
2.9060 -2.50273
2.9070 -2.50552
2.9080 -2.50781
2.9090 -2.50959
2.9100 -2.51087
2.9110 -2.51164
2.9120 -2.51191
2.9130 -2.51169
2.9140 -2.51096
2.9150 -2.50974
2.9160 -2.50803
2.9170 -2.50584
2.9180 -2.50316
2.9190 -2.50001
2.9200 -2.49640
2.9210 -2.49233
2.9220 -2.48781
2.9230 -2.48285
2.9240 -2.47745
2.9250 -2.47164
2.9260 -2.46541
2.9270 -2.45878
2.9280 -2.45177
2.9290 -2.44438
2.9300 -2.43663
2.9310 -2.42853
2.9320 -2.42010
2.9330 -2.41134
2.9340 -2.40228
2.9350 -2.39293
2.9360 -2.38331
2.9370 -2.37342
2.9380 -2.36330
2.9390 -2.35295
2.9400 -2.34239
2.9410 -2.33164
2.9420 -2.32072
2.9430 -2.30964
2.9440 -2.29843
2.9450 -2.28709
2.9460 -2.27566
2.9470 -2.26414
2.9480 -2.25257
2.9490 -2.24094
2.9500 -2.22929
2.9510 -2.21764
2.9520 -2.20599
2.9530 -2.19438
2.9540 -2.18282
2.9550 -2.17132
2.9560 -2.15991
2.9570 -2.14861
2.9580 -2.13742
2.9590 -2.12638
2.9600 -2.11550
2.9610 -2.10480
2.9620 -2.09429
2.9630 -2.08399
2.9640 -2.07392
2.9650 -2.06409
2.9660 -2.05452
2.9670 -2.04523
2.9680 -2.03623
2.9690 -2.02754
2.9700 -2.01916
2.9710 -2.01112
2.9720 -2.00343
2.9730 -1.99609
2.9740 -1.98913
2.9750 -1.98256
2.9760 -1.97638
2.9770 -1.97061
2.9780 -1.96525
2.9790 -1.96032
2.9800 -1.95583
2.9810 -1.95178
2.9820 -1.94818
2.9830 -1.94503
2.9840 -1.94236
2.9850 -1.94015
2.9860 -1.93842
2.9870 -1.93716
2.9880 -1.93639
2.9890 -1.93611
2.9900 -1.93632
2.9910 -1.93701
2.9920 -1.93819
2.9930 -1.93987
2.9940 -1.94203
2.9950 -1.94469
2.9960 -1.94783
2.9970 -1.95146
2.9980 -1.95556
2.9990 -1.96015
3.0000 -1.96520
3.0010 -1.97072
3.0020 -1.97671
3.0030 -1.98314
3.0040 -1.99003
3.0050 -1.99735
3.0060 -2.00510
3.0070 -2.01328
3.0080 -2.02186
3.0090 -2.03085
3.0100 -2.04023
3.0110 -2.04998
3.0120 -2.06010
3.0130 -2.07058
3.0140 -2.08139
3.0150 -2.09254
3.0160 -2.10399
3.0170 -2.11575
3.0180 -2.12779
3.0190 -2.14010
3.0200 -2.15266
3.0210 -2.16546
3.0220 -2.17848
3.0230 -2.19171
3.0240 -2.20512
3.0250 -2.21870
3.0260 -2.23244
3.0270 -2.24632
3.0280 -2.26031
3.0290 -2.27440
3.0300 -2.28858
3.0310 -2.30282
3.0320 -2.31710
3.0330 -2.33141
3.0340 -2.34574
3.0350 -2.36005
3.0360 -2.37434
3.0370 -2.38858
3.0380 -2.40276
3.0390 -2.41686
3.0400 -2.43085
3.0410 -2.44474
3.0420 -2.45848
3.0430 -2.47208
3.0440 -2.48551
3.0450 -2.49875
3.0460 -2.51179
3.0470 -2.52461
3.0480 -2.53719
3.0490 -2.54953
3.0500 -2.56160
3.0510 -2.57339
3.0520 -2.58489
3.0530 -2.59608
3.0540 -2.60695
3.0550 -2.61748
3.0560 -2.62766
3.0570 -2.63749
3.0580 -2.64694
3.0590 -2.65601
3.0600 -2.66469
3.0610 -2.67297
3.0620 -2.68083
3.0630 -2.68827
3.0640 -2.69529
3.0650 -2.70187
3.0660 -2.70800
3.0670 -2.71369
3.0680 -2.71892
3.0690 -2.72369
3.0700 -2.72800
3.0710 -2.73184
3.0720 -2.73521
3.0730 -2.73811
3.0740 -2.74053
3.0750 -2.74248
3.0760 -2.74395
3.0770 -2.74495
3.0780 -2.74547
3.0790 -2.74552
3.0800 -2.74510
3.0810 -2.74422
3.0820 -2.74287
3.0830 -2.74107
3.0840 -2.73881
3.0850 -2.73611
3.0860 -2.73296
3.0870 -2.72939
3.0880 -2.72538
3.0890 -2.72096
3.0900 -2.71613
3.0910 -2.71090
3.0920 -2.70528
3.0930 -2.69929
3.0940 -2.69292
3.0950 -2.68620
3.0960 -2.67914
3.0970 -2.67174
3.0980 -2.66403
3.0990 -2.65601
3.1000 -2.64770
3.1010 -2.63912
3.1020 -2.63027
3.1030 -2.62118
3.1040 -2.61185
3.1050 -2.60231
3.1060 -2.59257
3.1070 -2.58265
3.1080 -2.57256
3.1090 -2.56232
3.1100 -2.55195
3.1110 -2.54146
3.1120 -2.53088
3.1130 -2.52021
3.1140 -2.50948
3.1150 -2.49871
3.1160 -2.48791
3.1170 -2.47709
3.1180 -2.46629
3.1190 -2.45551
3.1200 -2.44477
3.1210 -2.43410
3.1220 -2.42350
3.1230 -2.41299
3.1240 -2.40260
3.1250 -2.39234
3.1260 -2.38223
3.1270 -2.37228
3.1280 -2.36251
3.1290 -2.35293
3.1300 -2.34357
3.1310 -2.33443
3.1320 -2.32553
3.1330 -2.31690
3.1340 -2.30853
3.1350 -2.30045
3.1360 -2.29266
3.1370 -2.28519
3.1380 -2.27805
3.1390 -2.27124
3.1400 -2.26478
3.1410 -2.25868
3.1420 -2.25295
3.1430 -2.24760
3.1440 -2.24265
3.1450 -2.23809
3.1460 -2.23394
3.1470 -2.23021
3.1480 -2.22690
3.1490 -2.22403
3.1500 -2.22159
3.1510 -2.21959
3.1520 -2.21804
3.1530 -2.21693
3.1540 -2.21629
3.1550 -2.21610
3.1560 -2.21637
3.1570 -2.21710
3.1580 -2.21830
3.1590 -2.21995
3.1600 -2.22207
3.1610 -2.22465
3.1620 -2.22769
3.1630 -2.23119
3.1640 -2.23514
3.1650 -2.23954
3.1660 -2.24438
3.1670 -2.24967
3.1680 -2.25539
3.1690 -2.26154
3.1700 -2.26812
3.1710 -2.27511
3.1720 -2.28250
3.1730 -2.29030
3.1740 -2.29848
3.1750 -2.30705
3.1760 -2.31598
3.1770 -2.32528
3.1780 -2.33492
3.1790 -2.34489
3.1800 -2.35520
3.1810 -2.36581
3.1820 -2.37672
3.1830 -2.38791
3.1840 -2.39938
3.1850 -2.41110
3.1860 -2.42306
3.1870 -2.43525
3.1880 -2.44766
3.1890 -2.46026
3.1900 -2.47303
3.1910 -2.48598
3.1920 -2.49907
3.1930 -2.51229
3.1940 -2.52563
3.1950 -2.53907
3.1960 -2.55258
3.1970 -2.56616
3.1980 -2.57979
3.1990 -2.59345
3.2000 -2.60712
3.2010 -2.62079
3.2020 -2.63443
3.2030 -2.64803
3.2040 -2.66158
3.2050 -2.67506
3.2060 -2.68845
3.2070 -2.70173
3.2080 -2.71488
3.2090 -2.72790
3.2100 -2.74076
3.2110 -2.75345
3.2120 -2.76595
3.2130 -2.77825
3.2140 -2.79033
3.2150 -2.80218
3.2160 -2.81378
3.2170 -2.82513
3.2180 -2.83619
3.2190 -2.84697
3.2200 -2.85745
3.2210 -2.86762
3.2220 -2.87745
3.2230 -2.88696
3.2240 -2.89611
3.2250 -2.90491
3.2260 -2.91334
3.2270 -2.92139
3.2280 -2.92906
3.2290 -2.93633
3.2300 -2.94320
3.2310 -2.94966
3.2320 -2.95570
3.2330 -2.96132
3.2340 -2.96651
3.2350 -2.97127
3.2360 -2.97560
3.2370 -2.97948
3.2380 -2.98293
3.2390 -2.98592
3.2400 -2.98847
3.2410 -2.99057
3.2420 -2.99223
3.2430 -2.99344
3.2440 -2.99420
3.2450 -2.99451
3.2460 -2.99438
3.2470 -2.99382
3.2480 -2.99281
3.2490 -2.99137
3.2500 -2.98951
3.2510 -2.98722
3.2520 -2.98452
3.2530 -2.98141
3.2540 -2.97789
3.2550 -2.97398
3.2560 -2.96968
3.2570 -2.96501
3.2580 -2.95997
3.2590 -2.95456
3.2600 -2.94881
3.2610 -2.94272
3.2620 -2.93631
3.2630 -2.92958
3.2640 -2.92254
3.2650 -2.91522
3.2660 -2.90762
3.2670 -2.89976
3.2680 -2.89165
3.2690 -2.88330
3.2700 -2.87473
3.2710 -2.86596
3.2720 -2.85700
3.2730 -2.84786
3.2740 -2.83856
3.2750 -2.82911
3.2760 -2.81954
3.2770 -2.80985
3.2780 -2.80007
3.2790 -2.79021
3.2800 -2.78029
3.2810 -2.77032
3.2820 -2.76032
3.2830 -2.75031
3.2840 -2.74030
3.2850 -2.73031
3.2860 -2.72036
3.2870 -2.71046
3.2880 -2.70063
3.2890 -2.69089
3.2900 -2.68126
3.2910 -2.67174
3.2920 -2.66235
3.2930 -2.65312
3.2940 -2.64405
3.2950 -2.63517
3.2960 -2.62648
3.2970 -2.61800
3.2980 -2.60974
3.2990 -2.60173
3.3000 -2.59397
3.3010 -2.58647
3.3020 -2.57926
3.3030 -2.57233
3.3040 -2.56571
3.3050 -2.55941
3.3060 -2.55343
3.3070 -2.54779
3.3080 -2.54249
3.3090 -2.53756
3.3100 -2.53299
3.3110 -2.52879
3.3120 -2.52498
3.3130 -2.52156
3.3140 -2.51854
3.3150 -2.51592
3.3160 -2.51371
3.3170 -2.51192
3.3180 -2.51055
3.3190 -2.50960
3.3200 -2.50908
3.3210 -2.50899
3.3220 -2.50934
3.3230 -2.51012
3.3240 -2.51133
3.3250 -2.51298
3.3260 -2.51506
3.3270 -2.51758
3.3280 -2.52054
3.3290 -2.52392
3.3300 -2.52773
3.3310 -2.53197
3.3320 -2.53663
3.3330 -2.54170
3.3340 -2.54719
3.3350 -2.55308
3.3360 -2.55937
3.3370 -2.56606
3.3380 -2.57313
3.3390 -2.58058
3.3400 -2.58839
3.3410 -2.59657
3.3420 -2.60510
3.3430 -2.61396
3.3440 -2.62316
3.3450 -2.63268
3.3460 -2.64250
3.3470 -2.65262
3.3480 -2.66302
3.3490 -2.67370
3.3500 -2.68463
3.3510 -2.69580
3.3520 -2.70721
3.3530 -2.71883
3.3540 -2.73066
3.3550 -2.74267
3.3560 -2.75486
3.3570 -2.76721
3.3580 -2.77969
3.3590 -2.79231
3.3600 -2.80504
3.3610 -2.81786
3.3620 -2.83076
3.3630 -2.84373
3.3640 -2.85674
3.3650 -2.86978
3.3660 -2.88284
3.3670 -2.89590
3.3680 -2.90894
3.3690 -2.92195
3.3700 -2.93491
3.3710 -2.94781
3.3720 -2.96062
3.3730 -2.97333
3.3740 -2.98593
3.3750 -2.99841
3.3760 -3.01074
3.3770 -3.02291
3.3780 -3.03491
3.3790 -3.04672
3.3800 -3.05833
3.3810 -3.06972
3.3820 -3.08088
3.3830 -3.09180
3.3840 -3.10246
3.3850 -3.11285
3.3860 -3.12297
3.3870 -3.13279
3.3880 -3.14230
3.3890 -3.15150
3.3900 -3.16038
3.3910 -3.16892
3.3920 -3.17711
3.3930 -3.18495
3.3940 -3.19243
3.3950 -3.19954
3.3960 -3.20627
3.3970 -3.21262
3.3980 -3.21857
3.3990 -3.22413
3.4000 -3.22929
3.4010 -3.23404
3.4020 -3.23838
3.4030 -3.24231
3.4040 -3.24581
3.4050 -3.24890
3.4060 -3.25157
3.4070 -3.25382
3.4080 -3.25565
3.4090 -3.25705
3.4100 -3.25803
3.4110 -3.25860
3.4120 -3.25874
3.4130 -3.25847
3.4140 -3.25779
3.4150 -3.25670
3.4160 -3.25521
3.4170 -3.25331
3.4180 -3.25103
3.4190 -3.24835
3.4200 -3.24530
3.4210 -3.24187
3.4220 -3.23807
3.4230 -3.23392
3.4240 -3.22942
3.4250 -3.22458
3.4260 -3.21940
3.4270 -3.21391
3.4280 -3.20811
3.4290 -3.20201
3.4300 -3.19562
3.4310 -3.18895
3.4320 -3.18203
3.4330 -3.17485
3.4340 -3.16743
3.4350 -3.15979
3.4360 -3.15194
3.4370 -3.14389
3.4380 -3.13566
3.4390 -3.12726
3.4400 -3.11871
3.4410 -3.11002
3.4420 -3.10120
3.4430 -3.09227
3.4440 -3.08326
3.4450 -3.07416
3.4460 -3.06500
3.4470 -3.05579
3.4480 -3.04656
3.4490 -3.03730
3.4500 -3.02805
3.4510 -3.01882
3.4520 -3.00961
3.4530 -3.00045
3.4540 -2.99136
3.4550 -2.98234
3.4560 -2.97342
3.4570 -2.96461
3.4580 -2.95592
3.4590 -2.94737
3.4600 -2.93898
3.4610 -2.93075
3.4620 -2.92270
3.4630 -2.91485
3.4640 -2.90721
3.4650 -2.89979
3.4660 -2.89261
3.4670 -2.88568
3.4680 -2.87900
3.4690 -2.87260
3.4700 -2.86649
3.4710 -2.86066
3.4720 -2.85515
3.4730 -2.84995
3.4740 -2.84507
3.4750 -2.84053
3.4760 -2.83634
3.4770 -2.83249
3.4780 -2.82901
3.4790 -2.82589
3.4800 -2.82315
3.4810 -2.82079
3.4820 -2.81881
3.4830 -2.81722
3.4840 -2.81603
3.4850 -2.81524
3.4860 -2.81485
3.4870 -2.81486
3.4880 -2.81528
3.4890 -2.81611
3.4900 -2.81736
3.4910 -2.81901
3.4920 -2.82107
3.4930 -2.82354
3.4940 -2.82643
3.4950 -2.82971
3.4960 -2.83341
3.4970 -2.83750
3.4980 -2.84199
3.4990 -2.84688
3.5000 -2.85215
3.5010 -2.85781
3.5020 -2.86384
3.5030 -2.87025
3.5040 -2.87702
3.5050 -2.88415
3.5060 -2.89163
3.5070 -2.89945
3.5080 -2.90760
3.5090 -2.91607
3.5100 -2.92486
3.5110 -2.93395
3.5120 -2.94333
3.5130 -2.95299
3.5140 -2.96293
3.5150 -2.97312
3.5160 -2.98355
3.5170 -2.99422
3.5180 -3.00511
3.5190 -3.01621
3.5200 -3.02750
3.5210 -3.03897
3.5220 -3.05060
3.5230 -3.06239
3.5240 -3.07431
3.5250 -3.08636
3.5260 -3.09852
3.5270 -3.11077
3.5280 -3.12309
3.5290 -3.13549
3.5300 -3.14792
3.5310 -3.16040
3.5320 -3.17288
3.5330 -3.18538
3.5340 -3.19785
3.5350 -3.21030
3.5360 -3.22271
3.5370 -3.23506
3.5380 -3.24733
3.5390 -3.25952
3.5400 -3.27160
3.5410 -3.28357
3.5420 -3.29540
3.5430 -3.30708
3.5440 -3.31861
3.5450 -3.32996
3.5460 -3.34112
3.5470 -3.35208
3.5480 -3.36283
3.5490 -3.37335
3.5500 -3.38364
3.5510 -3.39367
3.5520 -3.40344
3.5530 -3.41293
3.5540 -3.42214
3.5550 -3.43106
3.5560 -3.43967
3.5570 -3.44797
3.5580 -3.45594
3.5590 -3.46359
3.5600 -3.47089
3.5610 -3.47785
3.5620 -3.48445
3.5630 -3.49069
3.5640 -3.49656
3.5650 -3.50206
3.5660 -3.50718
3.5670 -3.51192
3.5680 -3.51628
3.5690 -3.52024
3.5700 -3.52381
3.5710 -3.52699
3.5720 -3.52977
3.5730 -3.53216
3.5740 -3.53414
3.5750 -3.53573
3.5760 -3.53693
3.5770 -3.53772
3.5780 -3.53813
3.5790 -3.53814
3.5800 -3.53776
3.5810 -3.53699
3.5820 -3.53585
3.5830 -3.53433
3.5840 -3.53243
3.5850 -3.53017
3.5860 -3.52755
3.5870 -3.52458
3.5880 -3.52126
3.5890 -3.51760
3.5900 -3.51361
3.5910 -3.50930
3.5920 -3.50467
3.5930 -3.49974
3.5940 -3.49452
3.5950 -3.48901
3.5960 -3.48323
3.5970 -3.47719
3.5980 -3.47090
3.5990 -3.46436
3.6000 -3.45761
3.6010 -3.45064
3.6020 -3.44346
3.6030 -3.43610
3.6040 -3.42856
3.6050 -3.42087
3.6060 -3.41302
3.6070 -3.40504
3.6080 -3.39694
3.6090 -3.38874
3.6100 -3.38044
3.6110 -3.37207
3.6120 -3.36363
3.6130 -3.35515
3.6140 -3.34664
3.6150 -3.33811
3.6160 -3.32957
3.6170 -3.32105
3.6180 -3.31256
3.6190 -3.30410
3.6200 -3.29571
3.6210 -3.28738
3.6220 -3.27914
3.6230 -3.27100
3.6240 -3.26297
3.6250 -3.25508
3.6260 -3.24732
3.6270 -3.23972
3.6280 -3.23229
3.6290 -3.22504
3.6300 -3.21798
3.6310 -3.21113
3.6320 -3.20450
3.6330 -3.19811
3.6340 -3.19196
3.6350 -3.18606
3.6360 -3.18042
3.6370 -3.17507
3.6380 -3.17000
3.6390 -3.16522
3.6400 -3.16075
3.6410 -3.15659
3.6420 -3.15276
3.6430 -3.14926
3.6440 -3.14609
3.6450 -3.14327
3.6460 -3.14080
3.6470 -3.13868
3.6480 -3.13693
3.6490 -3.13555
3.6500 -3.13453
3.6510 -3.13390
3.6520 -3.13364
3.6530 -3.13376
3.6540 -3.13427
3.6550 -3.13516
3.6560 -3.13644
3.6570 -3.13810
3.6580 -3.14015
3.6590 -3.14259
3.6600 -3.14542
3.6610 -3.14862
3.6620 -3.15221
3.6630 -3.15618
3.6640 -3.16052
3.6650 -3.16524
3.6660 -3.17032
3.6670 -3.17577
3.6680 -3.18157
3.6690 -3.18772
3.6700 -3.19422
3.6710 -3.20106
3.6720 -3.20823
3.6730 -3.21572
3.6740 -3.22352
3.6750 -3.23164
3.6760 -3.24004
3.6770 -3.24874
3.6780 -3.25771
3.6790 -3.26695
3.6800 -3.27645
3.6810 -3.28619
3.6820 -3.29617
3.6830 -3.30636
3.6840 -3.31677
3.6850 -3.32738
3.6860 -3.33817
3.6870 -3.34913
3.6880 -3.36025
3.6890 -3.37152
3.6900 -3.38292
3.6910 -3.39444
3.6920 -3.40607
3.6930 -3.41778
3.6940 -3.42957
3.6950 -3.44143
3.6960 -3.45333
3.6970 -3.46526
3.6980 -3.47722
3.6990 -3.48918
3.7000 -3.50113
3.7010 -3.51306
3.7020 -3.52495
3.7030 -3.53678
3.7040 -3.54856
3.7050 -3.56025
3.7060 -3.57184
3.7070 -3.58333
3.7080 -3.59469
3.7090 -3.60593
3.7100 -3.61701
3.7110 -3.62793
3.7120 -3.63867
3.7130 -3.64923
3.7140 -3.65959
3.7150 -3.66974
3.7160 -3.67967
3.7170 -3.68936
3.7180 -3.69880
3.7190 -3.70800
3.7200 -3.71692
3.7210 -3.72557
3.7220 -3.73394
3.7230 -3.74201
3.7240 -3.74977
3.7250 -3.75723
3.7260 -3.76437
3.7270 -3.77118
3.7280 -3.77766
3.7290 -3.78380
3.7300 -3.78959
3.7310 -3.79504
3.7320 -3.80013
3.7330 -3.80486
3.7340 -3.80923
3.7350 -3.81323
3.7360 -3.81686
3.7370 -3.82012
3.7380 -3.82301
3.7390 -3.82552
3.7400 -3.82766
3.7410 -3.82943
3.7420 -3.83082
3.7430 -3.83183
3.7440 -3.83248
3.7450 -3.83276
3.7460 -3.83266
3.7470 -3.83221
3.7480 -3.83139
3.7490 -3.83022
3.7500 -3.82870
3.7510 -3.82683
3.7520 -3.82462
3.7530 -3.82207
3.7540 -3.81920
3.7550 -3.81601
3.7560 -3.81250
3.7570 -3.80869
3.7580 -3.80458
3.7590 -3.80018
3.7600 -3.79551
3.7610 -3.79056
3.7620 -3.78536
3.7630 -3.77991
3.7640 -3.77421
3.7650 -3.76830
3.7660 -3.76216
3.7670 -3.75582
3.7680 -3.74929
3.7690 -3.74258
3.7700 -3.73570
3.7710 -3.72867
3.7720 -3.72149
3.7730 -3.71419
3.7740 -3.70677
3.7750 -3.69925
3.7760 -3.69164
3.7770 -3.68395
3.7780 -3.67621
3.7790 -3.66841
3.7800 -3.66059
3.7810 -3.65274
3.7820 -3.64489
3.7830 -3.63705
3.7840 -3.62923
3.7850 -3.62144
3.7860 -3.61371
3.7870 -3.60604
3.7880 -3.59845
3.7890 -3.59095
3.7900 -3.58355
3.7910 -3.57627
3.7920 -3.56913
3.7930 -3.56213
3.7940 -3.55528
3.7950 -3.54860
3.7960 -3.54211
3.7970 -3.53580
3.7980 -3.52971
3.7990 -3.52382
3.8000 -3.51817
3.8010 -3.51275
3.8020 -3.50758
3.8030 -3.50267
3.8040 -3.49803
3.8050 -3.49366
3.8060 -3.48958
3.8070 -3.48580
3.8080 -3.48231
3.8090 -3.47914
3.8100 -3.47628
3.8110 -3.47375
3.8120 -3.47154
3.8130 -3.46967
3.8140 -3.46814
3.8150 -3.46696
3.8160 -3.46612
3.8170 -3.46564
3.8180 -3.46552
3.8190 -3.46575
3.8200 -3.46635
3.8210 -3.46730
3.8220 -3.46862
3.8230 -3.47031
3.8240 -3.47236
3.8250 -3.47478
3.8260 -3.47756
3.8270 -3.48070
3.8280 -3.48420
3.8290 -3.48806
3.8300 -3.49227
3.8310 -3.49684
3.8320 -3.50175
3.8330 -3.50700
3.8340 -3.51259
3.8350 -3.51852
3.8360 -3.52477
3.8370 -3.53134
3.8380 -3.53822
3.8390 -3.54541
3.8400 -3.55290
3.8410 -3.56068
3.8420 -3.56874
3.8430 -3.57707
3.8440 -3.58567
3.8450 -3.59452
3.8460 -3.60361
3.8470 -3.61294
3.8480 -3.62249
3.8490 -3.63225
3.8500 -3.64221
3.8510 -3.65236
3.8520 -3.66268
3.8530 -3.67318
3.8540 -3.68382
3.8550 -3.69461
3.8560 -3.70552
3.8570 -3.71654
3.8580 -3.72767
3.8590 -3.73889
3.8600 -3.75018
3.8610 -3.76153
3.8620 -3.77293
3.8630 -3.78437
3.8640 -3.79583
3.8650 -3.80729
3.8660 -3.81875
3.8670 -3.83019
3.8680 -3.84159
3.8690 -3.85295
3.8700 -3.86425
3.8710 -3.87548
3.8720 -3.88662
3.8730 -3.89766
3.8740 -3.90859
3.8750 -3.91939
3.8760 -3.93006
3.8770 -3.94058
3.8780 -3.95093
3.8790 -3.96111
3.8800 -3.97111
3.8810 -3.98091
3.8820 -3.99050
3.8830 -3.99987
3.8840 -4.00902
3.8850 -4.01792
3.8860 -4.02658
3.8870 -4.03498
3.8880 -4.04311
3.8890 -4.05097
3.8900 -4.05854
3.8910 -4.06582
3.8920 -4.07281
3.8930 -4.07948
3.8940 -4.08585
3.8950 -4.09189
3.8960 -4.09762
3.8970 -4.10301
3.8980 -4.10807
3.8990 -4.11279
3.9000 -4.11717
3.9010 -4.12121
3.9020 -4.12490
3.9030 -4.12824
3.9040 -4.13123
3.9050 -4.13386
3.9060 -4.13615
3.9070 -4.13808
3.9080 -4.13965
3.9090 -4.14088
3.9100 -4.14175
3.9110 -4.14228
3.9120 -4.14246
3.9130 -4.14230
3.9140 -4.14179
3.9150 -4.14095
3.9160 -4.13978
3.9170 -4.13828
3.9180 -4.13646
3.9190 -4.13432
3.9200 -4.13187
3.9210 -4.12912
3.9220 -4.12607
3.9230 -4.12273
3.9240 -4.11911
3.9250 -4.11522
3.9260 -4.11106
3.9270 -4.10664
3.9280 -4.10198
3.9290 -4.09709
3.9300 -4.09197
3.9310 -4.08663
3.9320 -4.08108
3.9330 -4.07534
3.9340 -4.06942
3.9350 -4.06333
3.9360 -4.05707
3.9370 -4.05067
3.9380 -4.04413
3.9390 -4.03747
3.9400 -4.03069
3.9410 -4.02382
3.9420 -4.01686
3.9430 -4.00982
3.9440 -4.00273
3.9450 -3.99559
3.9460 -3.98842
3.9470 -3.98122
3.9480 -3.97402
3.9490 -3.96682
3.9500 -3.95964
3.9510 -3.95250
3.9520 -3.94539
3.9530 -3.93835
3.9540 -3.93137
3.9550 -3.92448
3.9560 -3.91769
3.9570 -3.91100
3.9580 -3.90444
3.9590 -3.89801
3.9600 -3.89172
3.9610 -3.88559
3.9620 -3.87963
3.9630 -3.87385
3.9640 -3.86826
3.9650 -3.86287
3.9660 -3.85769
3.9670 -3.85274
3.9680 -3.84802
3.9690 -3.84353
3.9700 -3.83930
3.9710 -3.83533
3.9720 -3.83163
3.9730 -3.82820
3.9740 -3.82505
3.9750 -3.82220
3.9760 -3.81964
3.9770 -3.81738
3.9780 -3.81544
3.9790 -3.81381
3.9800 -3.81250
3.9810 -3.81151
3.9820 -3.81086
3.9830 -3.81053
3.9840 -3.81054
3.9850 -3.81089
3.9860 -3.81158
3.9870 -3.81260
3.9880 -3.81398
3.9890 -3.81569
3.9900 -3.81775
3.9910 -3.82016
3.9920 -3.82290
3.9930 -3.82599
3.9940 -3.82942
3.9950 -3.83318
3.9960 -3.83728
3.9970 -3.84171
3.9980 -3.84647
3.9990 -3.85155
4.0000 -3.85695
4.0010 -3.86267
4.0020 -3.86870
4.0030 -3.87502
4.0040 -3.88165
4.0050 -3.88856
4.0060 -3.89576
4.0070 -3.90323
4.0080 -3.91097
4.0090 -3.91897
4.0100 -3.92722
4.0110 -3.93571
4.0120 -3.94443
4.0130 -3.95337
4.0140 -3.96252
4.0150 -3.97188
4.0160 -3.98143
4.0170 -3.99115
4.0180 -4.00105
4.0190 -4.01110
4.0200 -4.02130
4.0210 -4.03164
4.0220 -4.04209
4.0230 -4.05266
4.0240 -4.06333
4.0250 -4.07408
4.0260 -4.08491
4.0270 -4.09579
4.0280 -4.10672
4.0290 -4.11769
4.0300 -4.12869
4.0310 -4.13969
4.0320 -4.15069
4.0330 -4.16167
4.0340 -4.17262
4.0350 -4.18354
4.0360 -4.19440
4.0370 -4.20519
4.0380 -4.21590
4.0390 -4.22653
4.0400 -4.23705
4.0410 -4.24745
4.0420 -4.25773
4.0430 -4.26787
4.0440 -4.27786
4.0450 -4.28769
4.0460 -4.29734
4.0470 -4.30681
4.0480 -4.31609
4.0490 -4.32517
4.0500 -4.33403
4.0510 -4.34267
4.0520 -4.35107
4.0530 -4.35924
4.0540 -4.36715
4.0550 -4.37481
4.0560 -4.38220
4.0570 -4.38932
4.0580 -4.39615
4.0590 -4.40270
4.0600 -4.40896
4.0610 -4.41492
4.0620 -4.42058
4.0630 -4.42592
4.0640 -4.43096
4.0650 -4.43567
4.0660 -4.44006
4.0670 -4.44413
4.0680 -4.44788
4.0690 -4.45129
4.0700 -4.45438
4.0710 -4.45713
4.0720 -4.45955
4.0730 -4.46163
4.0740 -4.46339
4.0750 -4.46481
4.0760 -4.46590
4.0770 -4.46667
4.0780 -4.46710
4.0790 -4.46721
4.0800 -4.46700
4.0810 -4.46648
4.0820 -4.46563
4.0830 -4.46448
4.0840 -4.46303
4.0850 -4.46127
4.0860 -4.45923
4.0870 -4.45689
4.0880 -4.45427
4.0890 -4.45138
4.0900 -4.44823
4.0910 -4.44481
4.0920 -4.44114
4.0930 -4.43723
4.0940 -4.43309
4.0950 -4.42872
4.0960 -4.42414
4.0970 -4.41935
4.0980 -4.41436
4.0990 -4.40919
4.1000 -4.40384
4.1010 -4.39833
4.1020 -4.39267
4.1030 -4.38686
4.1040 -4.38093
4.1050 -4.37487
4.1060 -4.36871
4.1070 -4.36245
4.1080 -4.35611
4.1090 -4.34969
4.1100 -4.34322
4.1110 -4.33670
4.1120 -4.33015
4.1130 -4.32357
4.1140 -4.31698
4.1150 -4.31040
4.1160 -4.30383
4.1170 -4.29729
4.1180 -4.29079
4.1190 -4.28434
4.1200 -4.27795
4.1210 -4.27164
4.1220 -4.26542
4.1230 -4.25930
4.1240 -4.25329
4.1250 -4.24741
4.1260 -4.24166
4.1270 -4.23605
4.1280 -4.23060
4.1290 -4.22532
4.1300 -4.22021
4.1310 -4.21530
4.1320 -4.21058
4.1330 -4.20607
4.1340 -4.20177
4.1350 -4.19770
4.1360 -4.19387
4.1370 -4.19027
4.1380 -4.18693
4.1390 -4.18385
4.1400 -4.18103
4.1410 -4.17849
4.1420 -4.17622
4.1430 -4.17424
4.1440 -4.17255
4.1450 -4.17115
4.1460 -4.17005
4.1470 -4.16926
4.1480 -4.16878
4.1490 -4.16861
4.1500 -4.16876
4.1510 -4.16922
4.1520 -4.17001
4.1530 -4.17111
4.1540 -4.17254
4.1550 -4.17429
4.1560 -4.17637
4.1570 -4.17877
4.1580 -4.18149
4.1590 -4.18454
4.1600 -4.18791
4.1610 -4.19159
4.1620 -4.19559
4.1630 -4.19990
4.1640 -4.20453
4.1650 -4.20946
4.1660 -4.21469
4.1670 -4.22022
4.1680 -4.22604
4.1690 -4.23215
4.1700 -4.23854
4.1710 -4.24520
4.1720 -4.25213
4.1730 -4.25932
4.1740 -4.26676
4.1750 -4.27445
4.1760 -4.28238
4.1770 -4.29054
4.1780 -4.29891
4.1790 -4.30750
4.1800 -4.31629
4.1810 -4.32527
4.1820 -4.33443
4.1830 -4.34377
4.1840 -4.35327
4.1850 -4.36291
4.1860 -4.37270
4.1870 -4.38262
4.1880 -4.39265
4.1890 -4.40279
4.1900 -4.41303
4.1910 -4.42335
4.1920 -4.43374
4.1930 -4.44419
4.1940 -4.45469
4.1950 -4.46522
4.1960 -4.47578
4.1970 -4.48635
4.1980 -4.49692
4.1990 -4.50748
4.2000 -4.51801
4.2010 -4.52851
4.2020 -4.53896
4.2030 -4.54934
4.2040 -4.55966
4.2050 -4.56989
4.2060 -4.58003
4.2070 -4.59006
4.2080 -4.59998
4.2090 -4.60976
4.2100 -4.61941
4.2110 -4.62891
4.2120 -4.63824
4.2130 -4.64741
4.2140 -4.65639
4.2150 -4.66519
4.2160 -4.67379
4.2170 -4.68217
4.2180 -4.69034
4.2190 -4.69829
4.2200 -4.70600
4.2210 -4.71347
4.2220 -4.72069
4.2230 -4.72766
4.2240 -4.73436
4.2250 -4.74079
4.2260 -4.74695
4.2270 -4.75283
4.2280 -4.75842
4.2290 -4.76372
4.2300 -4.76873
4.2310 -4.77344
4.2320 -4.77785
4.2330 -4.78195
4.2340 -4.78575
4.2350 -4.78923
4.2360 -4.79241
4.2370 -4.79527
4.2380 -4.79782
4.2390 -4.80005
4.2400 -4.80197
4.2410 -4.80358
4.2420 -4.80488
4.2430 -4.80587
4.2440 -4.80655
4.2450 -4.80692
4.2460 -4.80699
4.2470 -4.80676
4.2480 -4.80623
4.2490 -4.80541
4.2500 -4.80430
4.2510 -4.80291
4.2520 -4.80124
4.2530 -4.79930
4.2540 -4.79709
4.2550 -4.79463
4.2560 -4.79191
4.2570 -4.78894
4.2580 -4.78574
4.2590 -4.78231
4.2600 -4.77865
4.2610 -4.77478
4.2620 -4.77071
4.2630 -4.76644
4.2640 -4.76198
4.2650 -4.75735
4.2660 -4.75255
4.2670 -4.74759
4.2680 -4.74249
4.2690 -4.73725
4.2700 -4.73189
4.2710 -4.72641
4.2720 -4.72083
4.2730 -4.71515
4.2740 -4.70940
4.2750 -4.70357
4.2760 -4.69769
4.2770 -4.69176
4.2780 -4.68579
4.2790 -4.67980
4.2800 -4.67380
4.2810 -4.66780
4.2820 -4.66182
4.2830 -4.65585
4.2840 -4.64992
4.2850 -4.64404
4.2860 -4.63821
4.2870 -4.63246
4.2880 -4.62678
4.2890 -4.62120
4.2900 -4.61572
4.2910 -4.61036
4.2920 -4.60512
4.2930 -4.60001
4.2940 -4.59505
4.2950 -4.59025
4.2960 -4.58561
4.2970 -4.58114
4.2980 -4.57686
4.2990 -4.57278
4.3000 -4.56889
4.3010 -4.56522
4.3020 -4.56177
4.3030 -4.55854
4.3040 -4.55555
4.3050 -4.55280
4.3060 -4.55030
4.3070 -4.54805
4.3080 -4.54607
4.3090 -4.54435
4.3100 -4.54291
4.3110 -4.54174
4.3120 -4.54086
4.3130 -4.54026
4.3140 -4.53995
4.3150 -4.53994
4.3160 -4.54022
4.3170 -4.54080
4.3180 -4.54169
4.3190 -4.54287
4.3200 -4.54436
4.3210 -4.54616
4.3220 -4.54826
4.3230 -4.55067
4.3240 -4.55338
4.3250 -4.55639
4.3260 -4.55971
4.3270 -4.56333
4.3280 -4.56725
4.3290 -4.57146
4.3300 -4.57596
4.3310 -4.58076
4.3320 -4.58584
4.3330 -4.59120
4.3340 -4.59683
4.3350 -4.60274
4.3360 -4.60891
4.3370 -4.61535
4.3380 -4.62203
4.3390 -4.62897
4.3400 -4.63614
4.3410 -4.64355
4.3420 -4.65118
4.3430 -4.65903
4.3440 -4.66709
4.3450 -4.67535
4.3460 -4.68380
4.3470 -4.69244
4.3480 -4.70125
4.3490 -4.71022
4.3500 -4.71934
4.3510 -4.72862
4.3520 -4.73802
4.3530 -4.74755
4.3540 -4.75719
4.3550 -4.76694
4.3560 -4.77677
4.3570 -4.78669
4.3580 -4.79668
4.3590 -4.80672
4.3600 -4.81681
4.3610 -4.82694
4.3620 -4.83710
4.3630 -4.84726
4.3640 -4.85743
4.3650 -4.86759
4.3660 -4.87773
4.3670 -4.88784
4.3680 -4.89790
4.3690 -4.90791
4.3700 -4.91786
4.3710 -4.92773
4.3720 -4.93751
4.3730 -4.94719
4.3740 -4.95677
4.3750 -4.96622
4.3760 -4.97555
4.3770 -4.98474
4.3780 -4.99378
4.3790 -5.00266
4.3800 -5.01137
4.3810 -5.01990
4.3820 -5.02825
4.3830 -5.03641
4.3840 -5.04436
4.3850 -5.05210
4.3860 -5.05962
4.3870 -5.06691
4.3880 -5.07398
4.3890 -5.08080
4.3900 -5.08737
4.3910 -5.09370
4.3920 -5.09976
4.3930 -5.10557
4.3940 -5.11110
4.3950 -5.11636
4.3960 -5.12135
4.3970 -5.12605
4.3980 -5.13047
4.3990 -5.13461
4.4000 -5.13845
4.4010 -5.14201
4.4020 -5.14527
4.4030 -5.14824
4.4040 -5.15091
4.4050 -5.15328
4.4060 -5.15537
4.4070 -5.15715
4.4080 -5.15864
4.4090 -5.15984
4.4100 -5.16075
4.4110 -5.16137
4.4120 -5.16170
4.4130 -5.16175
4.4140 -5.16152
4.4150 -5.16102
4.4160 -5.16024
4.4170 -5.15919
4.4180 -5.15788
4.4190 -5.15631
4.4200 -5.15450
4.4210 -5.15243
4.4220 -5.15013
4.4230 -5.14759
4.4240 -5.14483
4.4250 -5.14185
4.4260 -5.13865
4.4270 -5.13526
4.4280 -5.13167
4.4290 -5.12789
4.4300 -5.12394
4.4310 -5.11982
4.4320 -5.11554
4.4330 -5.11110
4.4340 -5.10653
4.4350 -5.10183
4.4360 -5.09701
4.4370 -5.09208
4.4380 -5.08705
4.4390 -5.08193
4.4400 -5.07673
4.4410 -5.07146
4.4420 -5.06614
4.4430 -5.06077
4.4440 -5.05537
4.4450 -5.04994
4.4460 -5.04450
4.4470 -5.03905
4.4480 -5.03362
4.4490 -5.02820
4.4500 -5.02282
4.4510 -5.01747
4.4520 -5.01218
4.4530 -5.00695
4.4540 -5.00180
4.4550 -4.99673
4.4560 -4.99176
4.4570 -4.98689
4.4580 -4.98214
4.4590 -4.97751
4.4600 -4.97302
4.4610 -4.96867
4.4620 -4.96448
4.4630 -4.96045
4.4640 -4.95659
4.4650 -4.95291
4.4660 -4.94942
4.4670 -4.94613
4.4680 -4.94305
4.4690 -4.94017
4.4700 -4.93752
4.4710 -4.93509
4.4720 -4.93290
4.4730 -4.93094
4.4740 -4.92923
4.4750 -4.92778
4.4760 -4.92657
4.4770 -4.92563
4.4780 -4.92496
4.4790 -4.92455
4.4800 -4.92441
4.4810 -4.92456
4.4820 -4.92498
4.4830 -4.92568
4.4840 -4.92666
4.4850 -4.92794
4.4860 -4.92949
4.4870 -4.93134
4.4880 -4.93347
4.4890 -4.93589
4.4900 -4.93860
4.4910 -4.94159
4.4920 -4.94487
4.4930 -4.94844
4.4940 -4.95228
4.4950 -4.95641
4.4960 -4.96081
4.4970 -4.96548
4.4980 -4.97042
4.4990 -4.97563
4.5000 -4.98110
4.5010 -4.98683
4.5020 -4.99281
4.5030 -4.99904
4.5040 -5.00550
4.5050 -5.01220
4.5060 -5.01913
4.5070 -5.02628
4.5080 -5.03364
4.5090 -5.04121
4.5100 -5.04897
4.5110 -5.05693
4.5120 -5.06507
4.5130 -5.07339
4.5140 -5.08187
4.5150 -5.09050
4.5160 -5.09929
4.5170 -5.10821
4.5180 -5.11726
4.5190 -5.12643
4.5200 -5.13571
4.5210 -5.14508
4.5220 -5.15455
4.5230 -5.16409
4.5240 -5.17370
4.5250 -5.18337
4.5260 -5.19309
4.5270 -5.20284
4.5280 -5.21262
4.5290 -5.22241
4.5300 -5.23220
4.5310 -5.24199
4.5320 -5.25177
4.5330 -5.26151
4.5340 -5.27122
4.5350 -5.28088
4.5360 -5.29047
4.5370 -5.30000
4.5380 -5.30945
4.5390 -5.31881
4.5400 -5.32807
4.5410 -5.33722
4.5420 -5.34624
4.5430 -5.35514
4.5440 -5.36390
4.5450 -5.37252
4.5460 -5.38097
4.5470 -5.38926
4.5480 -5.39738
4.5490 -5.40532
4.5500 -5.41306
4.5510 -5.42061
4.5520 -5.42796
4.5530 -5.43509
4.5540 -5.44200
4.5550 -5.44869
4.5560 -5.45515
4.5570 -5.46138
4.5580 -5.46736
4.5590 -5.47309
4.5600 -5.47857
4.5610 -5.48380
4.5620 -5.48876
4.5630 -5.49347
4.5640 -5.49790
4.5650 -5.50207
4.5660 -5.50596
4.5670 -5.50958
4.5680 -5.51292
4.5690 -5.51599
4.5700 -5.51878
4.5710 -5.52129
4.5720 -5.52352
4.5730 -5.52548
4.5740 -5.52716
4.5750 -5.52856
4.5760 -5.52968
4.5770 -5.53054
4.5780 -5.53112
4.5790 -5.53144
4.5800 -5.53149
4.5810 -5.53128
4.5820 -5.53081
4.5830 -5.53009
4.5840 -5.52912
4.5850 -5.52791
4.5860 -5.52646
4.5870 -5.52477
4.5880 -5.52286
4.5890 -5.52073
4.5900 -5.51839
4.5910 -5.51583
4.5920 -5.51308
4.5930 -5.51013
4.5940 -5.50700
4.5950 -5.50370
4.5960 -5.50022
4.5970 -5.49658
4.5980 -5.49279
4.5990 -5.48886
4.6000 -5.48479
4.6010 -5.48060
4.6020 -5.47630
4.6030 -5.47189
4.6040 -5.46738
4.6050 -5.46279
4.6060 -5.45812
4.6070 -5.45338
4.6080 -5.44859
4.6090 -5.44375
4.6100 -5.43888
4.6110 -5.43399
4.6120 -5.42907
4.6130 -5.42416
4.6140 -5.41925
4.6150 -5.41436
4.6160 -5.40949
4.6170 -5.40466
4.6180 -5.39988
4.6190 -5.39516
4.6200 -5.39050
4.6210 -5.38593
4.6220 -5.38144
4.6230 -5.37704
4.6240 -5.37276
4.6250 -5.36859
4.6260 -5.36454
4.6270 -5.36063
4.6280 -5.35687
4.6290 -5.35325
4.6300 -5.34980
4.6310 -5.34652
4.6320 -5.34341
4.6330 -5.34048
4.6340 -5.33775
4.6350 -5.33522
4.6360 -5.33289
4.6370 -5.33077
4.6380 -5.32888
4.6390 -5.32720
4.6400 -5.32576
4.6410 -5.32455
4.6420 -5.32359
4.6430 -5.32287
4.6440 -5.32239
4.6450 -5.32217
4.6460 -5.32221
4.6470 -5.32251
4.6480 -5.32307
4.6490 -5.32389
4.6500 -5.32498
4.6510 -5.32634
4.6520 -5.32797
4.6530 -5.32987
4.6540 -5.33204
4.6550 -5.33448
4.6560 -5.33719
4.6570 -5.34018
4.6580 -5.34343
4.6590 -5.34695
4.6600 -5.35074
4.6610 -5.35478
4.6620 -5.35910
4.6630 -5.36366
4.6640 -5.36849
4.6650 -5.37356
4.6660 -5.37889
4.6670 -5.38445
4.6680 -5.39025
4.6690 -5.39629
4.6700 -5.40255
4.6710 -5.40904
4.6720 -5.41574
4.6730 -5.42265
4.6740 -5.42977
4.6750 -5.43708
4.6760 -5.44457
4.6770 -5.45225
4.6780 -5.46011
4.6790 -5.46813
4.6800 -5.47631
4.6810 -5.48463
4.6820 -5.49310
4.6830 -5.50170
4.6840 -5.51042
4.6850 -5.51926
4.6860 -5.52820
4.6870 -5.53723
4.6880 -5.54635
4.6890 -5.55555
4.6900 -5.56481
4.6910 -5.57413
4.6920 -5.58350
4.6930 -5.59290
4.6940 -5.60233
4.6950 -5.61177
4.6960 -5.62122
4.6970 -5.63066
4.6980 -5.64010
4.6990 -5.64950
4.7000 -5.65888
4.7010 -5.66821
4.7020 -5.67748
4.7030 -5.68669
4.7040 -5.69583
4.7050 -5.70489
4.7060 -5.71385
4.7070 -5.72271
4.7080 -5.73146
4.7090 -5.74009
4.7100 -5.74859
4.7110 -5.75695
4.7120 -5.76517
4.7130 -5.77324
4.7140 -5.78114
4.7150 -5.78887
4.7160 -5.79643
4.7170 -5.80380
4.7180 -5.81098
4.7190 -5.81796
4.7200 -5.82474
4.7210 -5.83130
4.7220 -5.83765
4.7230 -5.84378
4.7240 -5.84968
4.7250 -5.85535
4.7260 -5.86079
4.7270 -5.86598
4.7280 -5.87093
4.7290 -5.87563
4.7300 -5.88008
4.7310 -5.88428
4.7320 -5.88822
4.7330 -5.89190
4.7340 -5.89533
4.7350 -5.89849
4.7360 -5.90139
4.7370 -5.90403
4.7380 -5.90641
4.7390 -5.90852
4.7400 -5.91038
4.7410 -5.91197
4.7420 -5.91330
4.7430 -5.91438
4.7440 -5.91520
4.7450 -5.91577
4.7460 -5.91609
4.7470 -5.91616
4.7480 -5.91599
4.7490 -5.91558
4.7500 -5.91493
4.7510 -5.91406
4.7520 -5.91295
4.7530 -5.91163
4.7540 -5.91009
4.7550 -5.90835
4.7560 -5.90640
4.7570 -5.90425
4.7580 -5.90191
4.7590 -5.89939
4.7600 -5.89670
4.7610 -5.89384
4.7620 -5.89081
4.7630 -5.88763
4.7640 -5.88431
4.7650 -5.88085
4.7660 -5.87727
4.7670 -5.87356
4.7680 -5.86974
4.7690 -5.86583
4.7700 -5.86182
4.7710 -5.85773
4.7720 -5.85356
4.7730 -5.84933
4.7740 -5.84505
4.7750 -5.84072
4.7760 -5.83635
4.7770 -5.83196
4.7780 -5.82756
4.7790 -5.82314
4.7800 -5.81874
4.7810 -5.81434
4.7820 -5.80997
4.7830 -5.80563
4.7840 -5.80134
4.7850 -5.79710
4.7860 -5.79292
4.7870 -5.78881
4.7880 -5.78478
4.7890 -5.78084
4.7900 -5.77700
4.7910 -5.77327
4.7920 -5.76966
4.7930 -5.76617
4.7940 -5.76281
4.7950 -5.75959
4.7960 -5.75653
4.7970 -5.75362
4.7980 -5.75088
4.7990 -5.74831
4.8000 -5.74591
4.8010 -5.74371
4.8020 -5.74170
4.8030 -5.73988
4.8040 -5.73827
4.8050 -5.73687
4.8060 -5.73569
4.8070 -5.73473
4.8080 -5.73399
4.8090 -5.73349
4.8100 -5.73321
4.8110 -5.73318
4.8120 -5.73339
4.8130 -5.73384
4.8140 -5.73453
4.8150 -5.73548
4.8160 -5.73668
4.8170 -5.73813
4.8180 -5.73983
4.8190 -5.74179
4.8200 -5.74401
4.8210 -5.74648
4.8220 -5.74920
4.8230 -5.75218
4.8240 -5.75542
4.8250 -5.75890
4.8260 -5.76264
4.8270 -5.76663
4.8280 -5.77086
4.8290 -5.77534
4.8300 -5.78006
4.8310 -5.78501
4.8320 -5.79020
4.8330 -5.79562
4.8340 -5.80127
4.8350 -5.80713
4.8360 -5.81322
4.8370 -5.81951
4.8380 -5.82600
4.8390 -5.83270
4.8400 -5.83958
4.8410 -5.84666
4.8420 -5.85391
4.8430 -5.86134
4.8440 -5.86893
4.8450 -5.87667
4.8460 -5.88457
4.8470 -5.89261
4.8480 -5.90079
4.8490 -5.90909
4.8500 -5.91751
4.8510 -5.92604
4.8520 -5.93466
4.8530 -5.94338
4.8540 -5.95219
4.8550 -5.96106
4.8560 -5.97000
4.8570 -5.97899
4.8580 -5.98803
4.8590 -5.99711
4.8600 -6.00621
4.8610 -6.01533
4.8620 -6.02446
4.8630 -6.03358
4.8640 -6.04270
4.8650 -6.05179
4.8660 -6.06086
4.8670 -6.06988
4.8680 -6.07885
4.8690 -6.08777
4.8700 -6.09662
4.8710 -6.10539
4.8720 -6.11408
4.8730 -6.12267
4.8740 -6.13116
4.8750 -6.13954
4.8760 -6.14780
4.8770 -6.15594
4.8780 -6.16393
4.8790 -6.17179
4.8800 -6.17949
4.8810 -6.18703
4.8820 -6.19441
4.8830 -6.20162
4.8840 -6.20864
4.8850 -6.21548
4.8860 -6.22213
4.8870 -6.22859
4.8880 -6.23484
4.8890 -6.24088
4.8900 -6.24671
4.8910 -6.25232
4.8920 -6.25771
4.8930 -6.26288
4.8940 -6.26781
4.8950 -6.27251
4.8960 -6.27698
4.8970 -6.28121
4.8980 -6.28519
4.8990 -6.28894
4.9000 -6.29244
4.9010 -6.29569
4.9020 -6.29870
4.9030 -6.30147
4.9040 -6.30398
4.9050 -6.30625
4.9060 -6.30827
4.9070 -6.31004
4.9080 -6.31158
4.9090 -6.31286
4.9100 -6.31391
4.9110 -6.31472
4.9120 -6.31529
4.9130 -6.31563
4.9140 -6.31574
4.9150 -6.31563
4.9160 -6.31529
4.9170 -6.31473
4.9180 -6.31396
4.9190 -6.31298
4.9200 -6.31180
4.9210 -6.31041
4.9220 -6.30884
4.9230 -6.30708
4.9240 -6.30514
4.9250 -6.30302
4.9260 -6.30074
4.9270 -6.29830
4.9280 -6.29571
4.9290 -6.29297
4.9300 -6.29009
4.9310 -6.28708
4.9320 -6.28395
4.9330 -6.28070
4.9340 -6.27735
4.9350 -6.27391
4.9360 -6.27037
4.9370 -6.26675
4.9380 -6.26307
4.9390 -6.25932
4.9400 -6.25551
4.9410 -6.25167
4.9420 -6.24779
4.9430 -6.24388
4.9440 -6.23995
4.9450 -6.23602
4.9460 -6.23209
4.9470 -6.22817
4.9480 -6.22428
4.9490 -6.22041
4.9500 -6.21658
4.9510 -6.21279
4.9520 -6.20907
4.9530 -6.20541
4.9540 -6.20182
4.9550 -6.19831
4.9560 -6.19490
4.9570 -6.19159
4.9580 -6.18838
4.9590 -6.18530
4.9600 -6.18233
4.9610 -6.17950
4.9620 -6.17681
4.9630 -6.17426
4.9640 -6.17187
4.9650 -6.16964
4.9660 -6.16758
4.9670 -6.16569
4.9680 -6.16398
4.9690 -6.16246
4.9700 -6.16113
4.9710 -6.15999
4.9720 -6.15906
4.9730 -6.15834
4.9740 -6.15783
4.9750 -6.15753
4.9760 -6.15746
4.9770 -6.15760
4.9780 -6.15798
4.9790 -6.15858
4.9800 -6.15941
4.9810 -6.16048
4.9820 -6.16179
4.9830 -6.16333
4.9840 -6.16512
4.9850 -6.16714
4.9860 -6.16941
4.9870 -6.17191
4.9880 -6.17466
4.9890 -6.17764
4.9900 -6.18087
4.9910 -6.18433
4.9920 -6.18803
4.9930 -6.19197
4.9940 -6.19614
4.9950 -6.20054
4.9960 -6.20516
4.9970 -6.21002
4.9980 -6.21509
4.9990 -6.22038
