0.0000 0.99929
0.0010 0.99715
0.0020 0.99358
0.0030 0.98860
0.0040 0.98221
0.0050 0.97441
0.0060 0.96523
0.0070 0.95468
0.0080 0.94277
0.0090 0.92952
0.0100 0.91495
0.0110 0.89909
0.0120 0.88195
0.0130 0.86356
0.0140 0.84395
0.0150 0.82314
0.0160 0.80118
0.0170 0.77809
0.0180 0.75389
0.0190 0.72864
0.0200 0.70237
0.0210 0.67511
0.0220 0.64690
0.0230 0.61779
0.0240 0.58782
0.0250 0.55703
0.0260 0.52546
0.0270 0.49317
0.0280 0.46019
0.0290 0.42658
0.0300 0.39239
0.0310 0.35765
0.0320 0.32243
0.0330 0.28678
0.0340 0.25074
0.0350 0.21436
0.0360 0.17771
0.0370 0.14083
0.0380 0.10377
0.0390 0.06660
0.0400 0.02935
0.0410 -0.00791
0.0420 -0.04514
0.0430 -0.08227
0.0440 -0.11926
0.0450 -0.15605
0.0460 -0.19259
0.0470 -0.22884
0.0480 -0.26472
0.0490 -0.30021
0.0500 -0.33524
0.0510 -0.36976
0.0520 -0.40374
0.0530 -0.43711
0.0540 -0.46983
0.0550 -0.50186
0.0560 -0.53314
0.0570 -0.56365
0.0580 -0.59332
0.0590 -0.62213
0.0600 -0.65002
0.0610 -0.67697
0.0620 -0.70293
0.0630 -0.72786
0.0640 -0.75174
0.0650 -0.77453
0.0660 -0.79619
0.0670 -0.81670
0.0680 -0.83602
0.0690 -0.85414
0.0700 -0.87102
0.0710 -0.88665
0.0720 -0.90100
0.0730 -0.91405
0.0740 -0.92578
0.0750 -0.93618
0.0760 -0.94524
0.0770 -0.95293
0.0780 -0.95926
0.0790 -0.96422
0.0800 -0.96779
0.0810 -0.96997
0.0820 -0.97077
0.0830 -0.97018
0.0840 -0.96820
0.0850 -0.96484
0.0860 -0.96011
0.0870 -0.95400
0.0880 -0.94654
0.0890 -0.93772
0.0900 -0.92757
0.0910 -0.91611
0.0920 -0.90334
0.0930 -0.88929
0.0940 -0.87398
0.0950 -0.85743
0.0960 -0.83966
0.0970 -0.82071
0.0980 -0.80060
0.0990 -0.77936
0.1000 -0.75702
0.1010 -0.73361
0.1020 -0.70917
0.1030 -0.68374
0.1040 -0.65734
0.1050 -0.63003
0.1060 -0.60183
0.1070 -0.57279
0.1080 -0.54296
0.1090 -0.51237
0.1100 -0.48107
0.1110 -0.44910
0.1120 -0.41652
0.1130 -0.38336
0.1140 -0.34968
0.1150 -0.31552
0.1160 -0.28093
0.1170 -0.24597
0.1180 -0.21069
0.1190 -0.17512
0.1200 -0.13933
0.1210 -0.10337
0.1220 -0.06728
0.1230 -0.03113
0.1240 0.00504
0.1250 0.04119
0.1260 0.07724
0.1270 0.11316
0.1280 0.14889
0.1290 0.18439
0.1300 0.21959
0.1310 0.25446
0.1320 0.28894
0.1330 0.32298
0.1340 0.35653
0.1350 0.38955
0.1360 0.42199
0.1370 0.45381
0.1380 0.48495
0.1390 0.51537
0.1400 0.54504
0.1410 0.57391
0.1420 0.60194
0.1430 0.62908
0.1440 0.65531
0.1450 0.68058
0.1460 0.70486
0.1470 0.72812
0.1480 0.75031
0.1490 0.77142
0.1500 0.79142
0.1510 0.81026
0.1520 0.82794
0.1530 0.84442
0.1540 0.85967
0.1550 0.87369
0.1560 0.88645
0.1570 0.89794
0.1580 0.90813
0.1590 0.91702
0.1600 0.92459
0.1610 0.93083
0.1620 0.93573
0.1630 0.93930
0.1640 0.94152
0.1650 0.94239
0.1660 0.94192
0.1670 0.94010
0.1680 0.93693
0.1690 0.93243
0.1700 0.92660
0.1710 0.91945
0.1720 0.91099
0.1730 0.90123
0.1740 0.89019
0.1750 0.87789
0.1760 0.86434
0.1770 0.84956
0.1780 0.83358
0.1790 0.81642
0.1800 0.79811
0.1810 0.77867
0.1820 0.75813
0.1830 0.73651
0.1840 0.71387
0.1850 0.69021
0.1860 0.66559
0.1870 0.64003
0.1880 0.61358
0.1890 0.58627
0.1900 0.55814
0.1910 0.52923
0.1920 0.49959
0.1930 0.46925
0.1940 0.43826
0.1950 0.40667
0.1960 0.37452
0.1970 0.34186
0.1980 0.30873
0.1990 0.27519
0.2000 0.24127
0.2010 0.20704
0.2020 0.17253
0.2030 0.13780
0.2040 0.10290
0.2050 0.06788
0.2060 0.03278
0.2070 -0.00234
0.2080 -0.03743
0.2090 -0.07244
0.2100 -0.10732
0.2110 -0.14202
0.2120 -0.17650
0.2130 -0.21069
0.2140 -0.24457
0.2150 -0.27807
0.2160 -0.31114
0.2170 -0.34375
0.2180 -0.37585
0.2190 -0.40738
0.2200 -0.43831
0.2210 -0.46859
0.2220 -0.49818
0.2230 -0.52704
0.2240 -0.55512
0.2250 -0.58239
0.2260 -0.60881
0.2270 -0.63433
0.2280 -0.65893
0.2290 -0.68258
0.2300 -0.70523
0.2310 -0.72685
0.2320 -0.74742
0.2330 -0.76691
0.2340 -0.78529
0.2350 -0.80253
0.2360 -0.81861
0.2370 -0.83351
0.2380 -0.84721
0.2390 -0.85969
0.2400 -0.87093
0.2410 -0.88091
0.2420 -0.88963
0.2430 -0.89707
0.2440 -0.90323
0.2450 -0.90809
0.2460 -0.91164
0.2470 -0.91389
0.2480 -0.91484
0.2490 -0.91447
0.2500 -0.91280
0.2510 -0.90982
0.2520 -0.90555
0.2530 -0.89998
0.2540 -0.89313
0.2550 -0.88501
0.2560 -0.87563
0.2570 -0.86500
0.2580 -0.85315
0.2590 -0.84008
0.2600 -0.82582
0.2610 -0.81039
0.2620 -0.79382
0.2630 -0.77612
0.2640 -0.75733
0.2650 -0.73746
0.2660 -0.71656
0.2670 -0.69464
0.2680 -0.67175
0.2690 -0.64791
0.2700 -0.62317
0.2710 -0.59755
0.2720 -0.57110
0.2730 -0.54385
0.2740 -0.51584
0.2750 -0.48711
0.2760 -0.45771
0.2770 -0.42767
0.2780 -0.39704
0.2790 -0.36587
0.2800 -0.33420
0.2810 -0.30207
0.2820 -0.26953
0.2830 -0.23663
0.2840 -0.20342
0.2850 -0.16994
0.2860 -0.13624
0.2870 -0.10237
0.2880 -0.06838
0.2890 -0.03431
0.2900 -0.00022
0.2910 0.03385
0.2920 0.06784
0.2930 0.10172
0.2940 0.13542
0.2950 0.16891
0.2960 0.20213
0.2970 0.23503
0.2980 0.26758
0.2990 0.29972
0.3000 0.33142
0.3010 0.36261
0.3020 0.39326
0.3030 0.42333
0.3040 0.45278
0.3050 0.48155
0.3060 0.50962
0.3070 0.53694
0.3080 0.56347
0.3090 0.58917
0.3100 0.61402
0.3110 0.63797
0.3120 0.66099
0.3130 0.68305
0.3140 0.70411
0.3150 0.72416
0.3160 0.74316
0.3170 0.76108
0.3180 0.77789
0.3190 0.79359
0.3200 0.80814
0.3210 0.82152
0.3220 0.83372
0.3230 0.84472
0.3240 0.85450
0.3250 0.86306
0.3260 0.87037
0.3270 0.87644
0.3280 0.88125
0.3290 0.88479
0.3300 0.88707
0.3310 0.88808
0.3320 0.88782
0.3330 0.88628
0.3340 0.88349
0.3350 0.87943
0.3360 0.87412
0.3370 0.86756
0.3380 0.85976
0.3390 0.85074
0.3400 0.84052
0.3410 0.82909
0.3420 0.81650
0.3430 0.80274
0.3440 0.78784
0.3450 0.77183
0.3460 0.75473
0.3470 0.73656
0.3480 0.71735
0.3490 0.69713
0.3500 0.67593
0.3510 0.65377
0.3520 0.63070
0.3530 0.60674
0.3540 0.58193
0.3550 0.55631
0.3560 0.52991
0.3570 0.50277
0.3580 0.47493
0.3590 0.44643
0.3600 0.41732
0.3610 0.38763
0.3620 0.35740
0.3630 0.32669
0.3640 0.29553
0.3650 0.26397
0.3660 0.23206
0.3670 0.19984
0.3680 0.16735
0.3690 0.13465
0.3700 0.10178
0.3710 0.06879
0.3720 0.03572
0.3730 0.00263
0.3740 -0.03045
0.3750 -0.06346
0.3760 -0.09635
0.3770 -0.12908
0.3780 -0.16161
0.3790 -0.19388
0.3800 -0.22585
0.3810 -0.25747
0.3820 -0.28870
0.3830 -0.31950
0.3840 -0.34982
0.3850 -0.37962
0.3860 -0.40885
0.3870 -0.43748
0.3880 -0.46547
0.3890 -0.49276
0.3900 -0.51934
0.3910 -0.54515
0.3920 -0.57016
0.3930 -0.59434
0.3940 -0.61766
0.3950 -0.64007
0.3960 -0.66156
0.3970 -0.68208
0.3980 -0.70161
0.3990 -0.72013
0.4000 -0.73760
0.4010 -0.75401
0.4020 -0.76932
0.4030 -0.78353
0.4040 -0.79661
0.4050 -0.80853
0.4060 -0.81930
0.4070 -0.82888
0.4080 -0.83727
0.4090 -0.84446
0.4100 -0.85044
0.4110 -0.85520
0.4120 -0.85873
0.4130 -0.86103
0.4140 -0.86210
0.4150 -0.86193
0.4160 -0.86053
0.4170 -0.85791
0.4180 -0.85406
0.4190 -0.84899
0.4200 -0.84271
0.4210 -0.83523
0.4220 -0.82656
0.4230 -0.81672
0.4240 -0.80571
0.4250 -0.79357
0.4260 -0.78029
0.4270 -0.76591
0.4280 -0.75045
0.4290 -0.73392
0.4300 -0.71636
0.4310 -0.69778
0.4320 -0.67822
0.4330 -0.65771
0.4340 -0.63627
0.4350 -0.61393
0.4360 -0.59073
0.4370 -0.56671
0.4380 -0.54189
0.4390 -0.51632
0.4400 -0.49002
0.4410 -0.46304
0.4420 -0.43543
0.4430 -0.40720
0.4440 -0.37842
0.4450 -0.34912
0.4460 -0.31933
0.4470 -0.28911
0.4480 -0.25851
0.4490 -0.22755
0.4500 -0.19629
0.4510 -0.16477
0.4520 -0.13304
0.4530 -0.10114
0.4540 -0.06912
0.4550 -0.03702
0.4560 -0.00489
0.4570 0.02722
0.4580 0.05927
0.4590 0.09121
0.4600 0.12300
0.4610 0.15459
0.4620 0.18594
0.4630 0.21699
0.4640 0.24772
0.4650 0.27807
0.4660 0.30800
0.4670 0.33747
0.4680 0.36644
0.4690 0.39486
0.4700 0.42269
0.4710 0.44990
0.4720 0.47645
0.4730 0.50230
0.4740 0.52742
0.4750 0.55176
0.4760 0.57529
0.4770 0.59799
0.4780 0.61981
0.4790 0.64073
0.4800 0.66073
0.4810 0.67976
0.4820 0.69781
0.4830 0.71484
0.4840 0.73085
0.4850 0.74579
0.4860 0.75966
0.4870 0.77244
0.4880 0.78410
0.4890 0.79463
0.4900 0.80402
0.4910 0.81225
0.4920 0.81932
0.4930 0.82520
0.4940 0.82991
0.4950 0.83342
0.4960 0.83574
0.4970 0.83687
0.4980 0.83680
0.4990 0.83553
0.5000 0.83306
0.5010 0.82941
0.5020 0.82458
0.5030 0.81857
0.5040 0.81139
0.5050 0.80306
0.5060 0.79359
0.5070 0.78299
0.5080 0.77127
0.5090 0.75847
0.5100 0.74458
0.5110 0.72965
0.5120 0.71368
0.5130 0.69670
0.5140 0.67874
0.5150 0.65982
0.5160 0.63997
0.5170 0.61922
0.5180 0.59760
0.5190 0.57514
0.5200 0.55188
0.5210 0.52784
0.5220 0.50306
0.5230 0.47759
0.5240 0.45145
0.5250 0.42468
0.5260 0.39732
0.5270 0.36942
0.5280 0.34100
0.5290 0.31212
0.5300 0.28282
0.5310 0.25313
0.5320 0.22310
0.5330 0.19277
0.5340 0.16219
0.5350 0.13140
0.5360 0.10045
0.5370 0.06937
0.5380 0.03821
0.5390 0.00702
0.5400 -0.02415
0.5410 -0.05527
0.5420 -0.08629
0.5430 -0.11716
0.5440 -0.14784
0.5450 -0.17829
0.5460 -0.20846
0.5470 -0.23832
0.5480 -0.26781
0.5490 -0.29690
0.5500 -0.32554
0.5510 -0.35369
0.5520 -0.38132
0.5530 -0.40839
0.5540 -0.43485
0.5550 -0.46067
0.5560 -0.48582
0.5570 -0.51025
0.5580 -0.53394
0.5590 -0.55684
0.5600 -0.57893
0.5610 -0.60018
0.5620 -0.62056
0.5630 -0.64003
0.5640 -0.65858
0.5650 -0.67617
0.5660 -0.69278
0.5670 -0.70839
0.5680 -0.72298
0.5690 -0.73652
0.5700 -0.74900
0.5710 -0.76040
0.5720 -0.77070
0.5730 -0.77990
0.5740 -0.78797
0.5750 -0.79491
0.5760 -0.80071
0.5770 -0.80536
0.5780 -0.80886
0.5790 -0.81120
0.5800 -0.81237
0.5810 -0.81239
0.5820 -0.81124
0.5830 -0.80893
0.5840 -0.80547
0.5850 -0.80086
0.5860 -0.79511
0.5870 -0.78823
0.5880 -0.78022
0.5890 -0.77110
0.5900 -0.76089
0.5910 -0.74960
0.5920 -0.73724
0.5930 -0.72384
0.5940 -0.70942
0.5950 -0.69399
0.5960 -0.67758
0.5970 -0.66021
0.5980 -0.64191
0.5990 -0.62270
0.6000 -0.60262
0.6010 -0.58170
0.6020 -0.55995
0.6030 -0.53742
0.6040 -0.51414
0.6050 -0.49014
0.6060 -0.46546
0.6070 -0.44012
0.6080 -0.41418
0.6090 -0.38767
0.6100 -0.36061
0.6110 -0.33307
0.6120 -0.30506
0.6130 -0.27664
0.6140 -0.24785
0.6150 -0.21872
0.6160 -0.18930
0.6170 -0.15963
0.6180 -0.12975
0.6190 -0.09971
0.6200 -0.06954
0.6210 -0.03930
0.6220 -0.00903
0.6230 0.02124
0.6240 0.05145
0.6250 0.08157
0.6260 0.11156
0.6270 0.14136
0.6280 0.17093
0.6290 0.20025
0.6300 0.22925
0.6310 0.25791
0.6320 0.28617
0.6330 0.31401
0.6340 0.34138
0.6350 0.36824
0.6360 0.39456
0.6370 0.42029
0.6380 0.44540
0.6390 0.46986
0.6400 0.49363
0.6410 0.51668
0.6420 0.53897
0.6430 0.56048
0.6440 0.58117
0.6450 0.60101
0.6460 0.61998
0.6470 0.63805
0.6480 0.65520
0.6490 0.67139
0.6500 0.68662
0.6510 0.70085
0.6520 0.71407
0.6530 0.72626
0.6540 0.73741
0.6550 0.74749
0.6560 0.75649
0.6570 0.76441
0.6580 0.77123
0.6590 0.77694
0.6600 0.78154
0.6610 0.78501
0.6620 0.78736
0.6630 0.78859
0.6640 0.78868
0.6650 0.78765
0.6660 0.78549
0.6670 0.78222
0.6680 0.77782
0.6690 0.77232
0.6700 0.76572
0.6710 0.75802
0.6720 0.74925
0.6730 0.73942
0.6740 0.72853
0.6750 0.71661
0.6760 0.70367
0.6770 0.68974
0.6780 0.67483
0.6790 0.65897
0.6800 0.64218
0.6810 0.62448
0.6820 0.60590
0.6830 0.58646
0.6840 0.56621
0.6850 0.54515
0.6860 0.52334
0.6870 0.50079
0.6880 0.47754
0.6890 0.45362
0.6900 0.42908
0.6910 0.40393
0.6920 0.37823
0.6930 0.35201
0.6940 0.32530
0.6950 0.29815
0.6960 0.27058
0.6970 0.24265
0.6980 0.21440
0.6990 0.18586
0.7000 0.15707
0.7010 0.12808
0.7020 0.09892
0.7030 0.06965
0.7040 0.04030
0.7050 0.01091
0.7060 -0.01848
0.7070 -0.04781
0.7080 -0.07706
0.7090 -0.10618
0.7100 -0.13512
0.7110 -0.16385
0.7120 -0.19233
0.7130 -0.22051
0.7140 -0.24835
0.7150 -0.27582
0.7160 -0.30288
0.7170 -0.32948
0.7180 -0.35560
0.7190 -0.38118
0.7200 -0.40621
0.7210 -0.43063
0.7220 -0.45442
0.7230 -0.47755
0.7240 -0.49997
0.7250 -0.52167
0.7260 -0.54260
0.7270 -0.56275
0.7280 -0.58207
0.7290 -0.60055
0.7300 -0.61816
0.7310 -0.63487
0.7320 -0.65066
0.7330 -0.66551
0.7340 -0.67940
0.7350 -0.69230
0.7360 -0.70421
0.7370 -0.71510
0.7380 -0.72496
0.7390 -0.73378
0.7400 -0.74155
0.7410 -0.74824
0.7420 -0.75387
0.7430 -0.75841
0.7440 -0.76186
0.7450 -0.76423
0.7460 -0.76549
0.7470 -0.76567
0.7480 -0.76474
0.7490 -0.76273
0.7500 -0.75963
0.7510 -0.75544
0.7520 -0.75018
0.7530 -0.74384
0.7540 -0.73645
0.7550 -0.72801
0.7560 -0.71854
0.7570 -0.70804
0.7580 -0.69655
0.7590 -0.68406
0.7600 -0.67060
0.7610 -0.65620
0.7620 -0.64087
0.7630 -0.62463
0.7640 -0.60751
0.7650 -0.58953
0.7660 -0.57073
0.7670 -0.55112
0.7680 -0.53074
0.7690 -0.50961
0.7700 -0.48777
0.7710 -0.46525
0.7720 -0.44208
0.7730 -0.41830
0.7740 -0.39393
0.7750 -0.36902
0.7760 -0.34360
0.7770 -0.31770
0.7780 -0.29137
0.7790 -0.26464
0.7800 -0.23755
0.7810 -0.21014
0.7820 -0.18246
0.7830 -0.15453
0.7840 -0.12639
0.7850 -0.09810
0.7860 -0.06969
0.7870 -0.04120
0.7880 -0.01267
0.7890 0.01586
0.7900 0.04434
0.7910 0.07274
0.7920 0.10102
0.7930 0.12913
0.7940 0.15704
0.7950 0.18470
0.7960 0.21208
0.7970 0.23914
0.7980 0.26583
0.7990 0.29213
0.8000 0.31799
0.8010 0.34337
0.8020 0.36825
0.8030 0.39258
0.8040 0.41634
0.8050 0.43948
0.8060 0.46198
0.8070 0.48380
0.8080 0.50491
0.8090 0.52529
0.8100 0.54490
0.8110 0.56372
0.8120 0.58172
0.8130 0.59888
0.8140 0.61516
0.8150 0.63056
0.8160 0.64504
0.8170 0.65859
0.8180 0.67119
0.8190 0.68282
0.8200 0.69347
0.8210 0.70311
0.8220 0.71175
0.8230 0.71936
0.8240 0.72594
0.8250 0.73147
0.8260 0.73596
0.8270 0.73939
0.8280 0.74176
0.8290 0.74307
0.8300 0.74332
0.8310 0.74250
0.8320 0.74062
0.8330 0.73768
0.8340 0.73370
0.8350 0.72866
0.8360 0.72259
0.8370 0.71549
0.8380 0.70737
0.8390 0.69825
0.8400 0.68813
0.8410 0.67704
0.8420 0.66498
0.8430 0.65199
0.8440 0.63807
0.8450 0.62325
0.8460 0.60755
0.8470 0.59100
0.8480 0.57361
0.8490 0.55541
0.8500 0.53643
0.8510 0.51670
0.8520 0.49624
0.8530 0.47509
0.8540 0.45327
0.8550 0.43082
0.8560 0.40778
0.8570 0.38416
0.8580 0.36001
0.8590 0.33537
0.8600 0.31026
0.8610 0.28473
0.8620 0.25881
0.8630 0.23254
0.8640 0.20595
0.8650 0.17909
0.8660 0.15199
0.8670 0.12470
0.8680 0.09724
0.8690 0.06967
0.8700 0.04201
0.8710 0.01432
0.8720 -0.01338
0.8730 -0.04103
0.8740 -0.06861
0.8750 -0.09607
0.8760 -0.12337
0.8770 -0.15048
0.8780 -0.17735
0.8790 -0.20395
0.8800 -0.23024
0.8810 -0.25619
0.8820 -0.28174
0.8830 -0.30688
0.8840 -0.33156
0.8850 -0.35574
0.8860 -0.37941
0.8870 -0.40251
0.8880 -0.42502
0.8890 -0.44691
0.8900 -0.46814
0.8910 -0.48869
0.8920 -0.50852
0.8930 -0.52762
0.8940 -0.54594
0.8950 -0.56347
0.8960 -0.58019
0.8970 -0.59606
0.8980 -0.61107
0.8990 -0.62520
0.9000 -0.63842
0.9010 -0.65072
0.9020 -0.66208
0.9030 -0.67248
0.9040 -0.68192
0.9050 -0.69037
0.9060 -0.69783
0.9070 -0.70429
0.9080 -0.70974
0.9090 -0.71417
0.9100 -0.71757
0.9110 -0.71995
0.9120 -0.72130
0.9130 -0.72161
0.9140 -0.72089
0.9150 -0.71914
0.9160 -0.71637
0.9170 -0.71257
0.9180 -0.70776
0.9190 -0.70194
0.9200 -0.69512
0.9210 -0.68731
0.9220 -0.67852
0.9230 -0.66877
0.9240 -0.65807
0.9250 -0.64644
0.9260 -0.63389
0.9270 -0.62044
0.9280 -0.60612
0.9290 -0.59094
0.9300 -0.57493
0.9310 -0.55810
0.9320 -0.54049
0.9330 -0.52212
0.9340 -0.50302
0.9350 -0.48321
0.9360 -0.46272
0.9370 -0.44159
0.9380 -0.41984
0.9390 -0.39751
0.9400 -0.37463
0.9410 -0.35122
0.9420 -0.32733
0.9430 -0.30299
0.9440 -0.27823
0.9450 -0.25310
0.9460 -0.22761
0.9470 -0.20183
0.9480 -0.17577
0.9490 -0.14948
0.9500 -0.12299
0.9510 -0.09635
0.9520 -0.06959
0.9530 -0.04275
0.9540 -0.01586
0.9550 0.01102
0.9560 0.03788
0.9570 0.06466
0.9580 0.09132
0.9590 0.11784
0.9600 0.14417
0.9610 0.17028
0.9620 0.19612
0.9630 0.22166
0.9640 0.24687
0.9650 0.27171
0.9660 0.29614
0.9670 0.32014
0.9680 0.34365
0.9690 0.36666
0.9700 0.38913
0.9710 0.41103
0.9720 0.43232
0.9730 0.45298
0.9740 0.47297
0.9750 0.49228
0.9760 0.51087
0.9770 0.52872
0.9780 0.54579
0.9790 0.56208
0.9800 0.57755
0.9810 0.59218
0.9820 0.60595
0.9830 0.61885
0.9840 0.63086
0.9850 0.64195
0.9860 0.65212
0.9870 0.66135
0.9880 0.66963
0.9890 0.67695
0.9900 0.68329
0.9910 0.68865
0.9920 0.69302
0.9930 0.69640
0.9940 0.69878
0.9950 0.70016
0.9960 0.70054
0.9970 0.69991
0.9980 0.69829
0.9990 0.69567
1.0000 0.69205
1.0010 0.68745
1.0020 0.68187
1.0030 0.67532
1.0040 0.66781
1.0050 0.65935
1.0060 0.64995
1.0070 0.63963
1.0080 0.62840
1.0090 0.61628
1.0100 0.60329
1.0110 0.58945
1.0120 0.57477
1.0130 0.55929
1.0140 0.54301
1.0150 0.52597
1.0160 0.50819
1.0170 0.48970
1.0180 0.47051
1.0190 0.45067
1.0200 0.43020
1.0210 0.40913
1.0220 0.38749
1.0230 0.36532
1.0240 0.34263
1.0250 0.31947
1.0260 0.29587
1.0270 0.27187
1.0280 0.24749
1.0290 0.22278
1.0300 0.19776
1.0310 0.17249
1.0320 0.14698
1.0330 0.12128
1.0340 0.09542
1.0350 0.06945
1.0360 0.04340
1.0370 0.01730
1.0380 -0.00880
1.0390 -0.03487
1.0400 -0.06087
1.0410 -0.08677
1.0420 -0.11252
1.0430 -0.13810
1.0440 -0.16346
1.0450 -0.18857
1.0460 -0.21339
1.0470 -0.23789
1.0480 -0.26203
1.0490 -0.28577
1.0500 -0.30910
1.0510 -0.33196
1.0520 -0.35434
1.0530 -0.37619
1.0540 -0.39748
1.0550 -0.41820
1.0560 -0.43830
1.0570 -0.45776
1.0580 -0.47655
1.0590 -0.49465
1.0600 -0.51203
1.0610 -0.52866
1.0620 -0.54453
1.0630 -0.55960
1.0640 -0.57387
1.0650 -0.58730
1.0660 -0.59988
1.0670 -0.61160
1.0680 -0.62244
1.0690 -0.63238
1.0700 -0.64140
1.0710 -0.64951
1.0720 -0.65668
1.0730 -0.66290
1.0740 -0.66818
1.0750 -0.67249
1.0760 -0.67584
1.0770 -0.67822
1.0780 -0.67963
1.0790 -0.68007
1.0800 -0.67953
1.0810 -0.67803
1.0820 -0.67555
1.0830 -0.67212
1.0840 -0.66772
1.0850 -0.66237
1.0860 -0.65608
1.0870 -0.64885
1.0880 -0.64071
1.0890 -0.63165
1.0900 -0.62170
1.0910 -0.61086
1.0920 -0.59916
1.0930 -0.58661
1.0940 -0.57323
1.0950 -0.55904
1.0960 -0.54406
1.0970 -0.52832
1.0980 -0.51183
1.0990 -0.49462
1.1000 -0.47672
1.1010 -0.45814
1.1020 -0.43893
1.1030 -0.41910
1.1040 -0.39869
1.1050 -0.37772
1.1060 -0.35623
1.1070 -0.33424
1.1080 -0.31179
1.1090 -0.28891
1.1100 -0.26564
1.1110 -0.24200
1.1120 -0.21803
1.1130 -0.19377
1.1140 -0.16924
1.1150 -0.14450
1.1160 -0.11956
1.1170 -0.09447
1.1180 -0.06927
1.1190 -0.04398
1.1200 -0.01865
1.1210 0.00669
1.1220 0.03201
1.1230 0.05726
1.1240 0.08241
1.1250 0.10742
1.1260 0.13226
1.1270 0.15690
1.1280 0.18129
1.1290 0.20541
1.1300 0.22921
1.1310 0.25267
1.1320 0.27576
1.1330 0.29843
1.1340 0.32066
1.1350 0.34241
1.1360 0.36366
1.1370 0.38438
1.1380 0.40453
1.1390 0.42409
1.1400 0.44303
1.1410 0.46132
1.1420 0.47894
1.1430 0.49586
1.1440 0.51206
1.1450 0.52751
1.1460 0.54221
1.1470 0.55611
1.1480 0.56921
1.1490 0.58149
1.1500 0.59293
1.1510 0.60351
1.1520 0.61322
1.1530 0.62205
1.1540 0.62998
1.1550 0.63701
1.1560 0.64312
1.1570 0.64831
1.1580 0.65257
1.1590 0.65589
1.1600 0.65827
1.1610 0.65970
1.1620 0.66020
1.1630 0.65975
1.1640 0.65835
1.1650 0.65602
1.1660 0.65275
1.1670 0.64855
1.1680 0.64342
1.1690 0.63738
1.1700 0.63044
1.1710 0.62259
1.1720 0.61386
1.1730 0.60426
1.1740 0.59381
1.1750 0.58251
1.1760 0.57038
1.1770 0.55745
1.1780 0.54374
1.1790 0.52925
1.1800 0.51402
1.1810 0.49806
1.1820 0.48141
1.1830 0.46408
1.1840 0.44609
1.1850 0.42748
1.1860 0.40828
1.1870 0.38850
1.1880 0.36819
1.1890 0.34736
1.1900 0.32605
1.1910 0.30428
1.1920 0.28210
1.1930 0.25953
1.1940 0.23661
1.1950 0.21336
1.1960 0.18983
1.1970 0.16604
1.1980 0.14203
1.1990 0.11784
1.2000 0.09349
1.2010 0.06903
1.2020 0.04449
1.2030 0.01990
1.2040 -0.00470
1.2050 -0.02928
1.2060 -0.05380
1.2070 -0.07822
1.2080 -0.10251
1.2090 -0.12664
1.2100 -0.15057
1.2110 -0.17427
1.2120 -0.19771
1.2130 -0.22084
1.2140 -0.24364
1.2150 -0.26608
1.2160 -0.28812
1.2170 -0.30973
1.2180 -0.33088
1.2190 -0.35155
1.2200 -0.37170
1.2210 -0.39130
1.2220 -0.41033
1.2230 -0.42876
1.2240 -0.44656
1.2250 -0.46372
1.2260 -0.48019
1.2270 -0.49597
1.2280 -0.51103
1.2290 -0.52535
1.2300 -0.53890
1.2310 -0.55168
1.2320 -0.56366
1.2330 -0.57482
1.2340 -0.58515
1.2350 -0.59464
1.2360 -0.60328
1.2370 -0.61104
1.2380 -0.61793
1.2390 -0.62393
1.2400 -0.62903
1.2410 -0.63322
1.2420 -0.63651
1.2430 -0.63889
1.2440 -0.64035
1.2450 -0.64090
1.2460 -0.64053
1.2470 -0.63924
1.2480 -0.63704
1.2490 -0.63394
1.2500 -0.62992
1.2510 -0.62501
1.2520 -0.61921
1.2530 -0.61253
1.2540 -0.60498
1.2550 -0.59657
1.2560 -0.58731
1.2570 -0.57722
1.2580 -0.56631
1.2590 -0.55460
1.2600 -0.54211
1.2610 -0.52884
1.2620 -0.51484
1.2630 -0.50010
1.2640 -0.48466
1.2650 -0.46854
1.2660 -0.45176
1.2670 -0.43435
1.2680 -0.41633
1.2690 -0.39773
1.2700 -0.37857
1.2710 -0.35888
1.2720 -0.33870
1.2730 -0.31804
1.2740 -0.29695
1.2750 -0.27544
1.2760 -0.25356
1.2770 -0.23133
1.2780 -0.20878
1.2790 -0.18596
1.2800 -0.16288
1.2810 -0.13959
1.2820 -0.11611
1.2830 -0.09249
1.2840 -0.06875
1.2850 -0.04493
1.2860 -0.02106
1.2870 0.00283
1.2880 0.02669
1.2890 0.05049
1.2900 0.07421
1.2910 0.09780
1.2920 0.12124
1.2930 0.14449
1.2940 0.16751
1.2950 0.19028
1.2960 0.21276
1.2970 0.23492
1.2980 0.25672
1.2990 0.27815
1.3000 0.29916
1.3010 0.31973
1.3020 0.33983
1.3030 0.35943
1.3040 0.37850
1.3050 0.39701
1.3060 0.41495
1.3070 0.43227
1.3080 0.44897
1.3090 0.46502
1.3100 0.48038
1.3110 0.49505
1.3120 0.50901
1.3130 0.52222
1.3140 0.53468
1.3150 0.54636
1.3160 0.55726
1.3170 0.56735
1.3180 0.57662
1.3190 0.58507
1.3200 0.59267
1.3210 0.59941
1.3220 0.60530
1.3230 0.61031
1.3240 0.61445
1.3250 0.61771
1.3260 0.62008
1.3270 0.62157
1.3280 0.62216
1.3290 0.62187
1.3300 0.62068
1.3310 0.61861
1.3320 0.61566
1.3330 0.61183
1.3340 0.60713
1.3350 0.60156
1.3360 0.59514
1.3370 0.58787
1.3380 0.57976
1.3390 0.57083
1.3400 0.56109
1.3410 0.55056
1.3420 0.53925
1.3430 0.52717
1.3440 0.51435
1.3450 0.50081
1.3460 0.48655
1.3470 0.47162
1.3480 0.45601
1.3490 0.43977
1.3500 0.42291
1.3510 0.40546
1.3520 0.38744
1.3530 0.36888
1.3540 0.34980
1.3550 0.33024
1.3560 0.31022
1.3570 0.28978
1.3580 0.26893
1.3590 0.24771
1.3600 0.22615
1.3610 0.20429
1.3620 0.18215
1.3630 0.15976
1.3640 0.13716
1.3650 0.11439
1.3660 0.09146
1.3670 0.06842
1.3680 0.04530
1.3690 0.02213
1.3700 -0.00105
1.3710 -0.02422
1.3720 -0.04733
1.3730 -0.07036
1.3740 -0.09328
1.3750 -0.11604
1.3760 -0.13863
1.3770 -0.16099
1.3780 -0.18311
1.3790 -0.20496
1.3800 -0.22649
1.3810 -0.24769
1.3820 -0.26852
1.3830 -0.28895
1.3840 -0.30895
1.3850 -0.32849
1.3860 -0.34755
1.3870 -0.36610
1.3880 -0.38412
1.3890 -0.40157
1.3900 -0.41844
1.3910 -0.43469
1.3920 -0.45031
1.3930 -0.46528
1.3940 -0.47957
1.3950 -0.49317
1.3960 -0.50605
1.3970 -0.51820
1.3980 -0.52960
1.3990 -0.54023
1.4000 -0.55008
1.4010 -0.55914
1.4020 -0.56740
1.4030 -0.57484
1.4040 -0.58145
1.4050 -0.58722
1.4060 -0.59215
1.4070 -0.59623
1.4080 -0.59946
1.4090 -0.60182
1.4100 -0.60333
1.4110 -0.60397
1.4120 -0.60375
1.4130 -0.60266
1.4140 -0.60071
1.4150 -0.59791
1.4160 -0.59425
1.4170 -0.58975
1.4180 -0.58440
1.4190 -0.57823
1.4200 -0.57123
1.4210 -0.56342
1.4220 -0.55481
1.4230 -0.54541
1.4240 -0.53524
1.4250 -0.52432
1.4260 -0.51265
1.4270 -0.50025
1.4280 -0.48715
1.4290 -0.47337
1.4300 -0.45891
1.4310 -0.44381
1.4320 -0.42809
1.4330 -0.41177
1.4340 -0.39487
1.4350 -0.37741
1.4360 -0.35943
1.4370 -0.34095
1.4380 -0.32199
1.4390 -0.30259
1.4400 -0.28277
1.4410 -0.26256
1.4420 -0.24199
1.4430 -0.22108
1.4440 -0.19988
1.4450 -0.17840
1.4460 -0.15669
1.4470 -0.13476
1.4480 -0.11266
1.4490 -0.09042
1.4500 -0.06806
1.4510 -0.04562
1.4520 -0.02313
1.4530 -0.00062
1.4540 0.02187
1.4550 0.04432
1.4560 0.06668
1.4570 0.08894
1.4580 0.11105
1.4590 0.13298
1.4600 0.15471
1.4610 0.17621
1.4620 0.19743
1.4630 0.21836
1.4640 0.23896
1.4650 0.25921
1.4660 0.27907
1.4670 0.29852
1.4680 0.31752
1.4690 0.33606
1.4700 0.35411
1.4710 0.37164
1.4720 0.38862
1.4730 0.40503
1.4740 0.42086
1.4750 0.43607
1.4760 0.45065
1.4770 0.46457
1.4780 0.47782
1.4790 0.49037
1.4800 0.50222
1.4810 0.51334
1.4820 0.52372
1.4830 0.53334
1.4840 0.54219
1.4850 0.55026
1.4860 0.55754
1.4870 0.56401
1.4880 0.56968
1.4890 0.57453
1.4900 0.57855
1.4910 0.58174
1.4920 0.58410
1.4930 0.58562
1.4940 0.58630
1.4950 0.58615
1.4960 0.58515
1.4970 0.58332
1.4980 0.58066
1.4990 0.57717
1.5000 0.57286
1.5010 0.56773
1.5020 0.56179
1.5030 0.55506
1.5040 0.54753
1.5050 0.53923
1.5060 0.53017
1.5070 0.52035
1.5080 0.50979
1.5090 0.49852
1.5100 0.48654
1.5110 0.47387
1.5120 0.46053
1.5130 0.44655
1.5140 0.43193
1.5150 0.41671
1.5160 0.40091
1.5170 0.38454
1.5180 0.36764
1.5190 0.35022
1.5200 0.33231
1.5210 0.31394
1.5220 0.29514
1.5230 0.27592
1.5240 0.25633
1.5250 0.23638
1.5260 0.21611
1.5270 0.19555
1.5280 0.17472
1.5290 0.15365
1.5300 0.13238
1.5310 0.11094
1.5320 0.08935
1.5330 0.06765
1.5340 0.04587
1.5350 0.02404
1.5360 0.00220
1.5370 -0.01964
1.5380 -0.04143
1.5390 -0.06315
1.5400 -0.08476
1.5410 -0.10624
1.5420 -0.12755
1.5430 -0.14866
1.5440 -0.16954
1.5450 -0.19017
1.5460 -0.21051
1.5470 -0.23053
1.5480 -0.25021
1.5490 -0.26952
1.5500 -0.28843
1.5510 -0.30691
1.5520 -0.32495
1.5530 -0.34250
1.5540 -0.35955
1.5550 -0.37608
1.5560 -0.39205
1.5570 -0.40746
1.5580 -0.42227
1.5590 -0.43647
1.5600 -0.45003
1.5610 -0.46294
1.5620 -0.47518
1.5630 -0.48673
1.5640 -0.49757
1.5650 -0.50770
1.5660 -0.51709
1.5670 -0.52574
1.5680 -0.53363
1.5690 -0.54076
1.5700 -0.54710
1.5710 -0.55266
1.5720 -0.55742
1.5730 -0.56138
1.5740 -0.56454
1.5750 -0.56689
1.5760 -0.56843
1.5770 -0.56915
1.5780 -0.56906
1.5790 -0.56815
1.5800 -0.56643
1.5810 -0.56391
1.5820 -0.56058
1.5830 -0.55645
1.5840 -0.55153
1.5850 -0.54582
1.5860 -0.53934
1.5870 -0.53209
1.5880 -0.52409
1.5890 -0.51534
1.5900 -0.50586
1.5910 -0.49567
1.5920 -0.48477
1.5930 -0.47319
1.5940 -0.46094
1.5950 -0.44804
1.5960 -0.43451
1.5970 -0.42037
1.5980 -0.40563
1.5990 -0.39033
1.6000 -0.37448
1.6010 -0.35811
1.6020 -0.34123
1.6030 -0.32388
1.6040 -0.30608
1.6050 -0.28786
1.6060 -0.26923
1.6070 -0.25024
1.6080 -0.23090
1.6090 -0.21124
1.6100 -0.19130
1.6110 -0.17109
1.6120 -0.15066
1.6130 -0.13003
1.6140 -0.10922
1.6150 -0.08827
1.6160 -0.06722
1.6170 -0.04608
1.6180 -0.02489
1.6190 -0.00368
1.6200 0.01752
1.6210 0.03868
1.6220 0.05977
1.6230 0.08076
1.6240 0.10162
1.6250 0.12232
1.6260 0.14283
1.6270 0.16312
1.6280 0.18316
1.6290 0.20293
1.6300 0.22239
1.6310 0.24152
1.6320 0.26029
1.6330 0.27868
1.6340 0.29665
1.6350 0.31419
1.6360 0.33126
1.6370 0.34785
1.6380 0.36393
1.6390 0.37948
1.6400 0.39448
1.6410 0.40890
1.6420 0.42273
1.6430 0.43594
1.6440 0.44852
1.6450 0.46045
1.6460 0.47171
1.6470 0.48229
1.6480 0.49217
1.6490 0.50134
1.6500 0.50979
1.6510 0.51751
1.6520 0.52447
1.6530 0.53069
1.6540 0.53614
1.6550 0.54082
1.6560 0.54472
1.6570 0.54785
1.6580 0.55018
1.6590 0.55173
1.6600 0.55249
1.6610 0.55246
1.6620 0.55164
1.6630 0.55003
1.6640 0.54764
1.6650 0.54446
1.6660 0.54051
1.6670 0.53579
1.6680 0.53030
1.6690 0.52406
1.6700 0.51708
1.6710 0.50936
1.6720 0.50092
1.6730 0.49177
1.6740 0.48193
1.6750 0.47140
1.6760 0.46020
1.6770 0.44836
1.6780 0.43588
1.6790 0.42279
1.6800 0.40910
1.6810 0.39484
1.6820 0.38003
1.6830 0.36468
1.6840 0.34882
1.6850 0.33247
1.6860 0.31566
1.6870 0.29841
1.6880 0.28075
1.6890 0.26270
1.6900 0.24428
1.6910 0.22553
1.6920 0.20647
1.6930 0.18713
1.6940 0.16753
1.6950 0.14771
1.6960 0.12769
1.6970 0.10751
1.6980 0.08718
1.6990 0.06675
1.7000 0.04623
1.7010 0.02566
1.7020 0.00507
1.7030 -0.01551
1.7040 -0.03606
1.7050 -0.05654
1.7060 -0.07692
1.7070 -0.09718
1.7080 -0.11728
1.7090 -0.13721
1.7100 -0.15692
1.7110 -0.17640
1.7120 -0.19561
1.7130 -0.21452
1.7140 -0.23312
1.7150 -0.25137
1.7160 -0.26924
1.7170 -0.28672
1.7180 -0.30378
1.7190 -0.32039
1.7200 -0.33653
1.7210 -0.35218
1.7220 -0.36731
1.7230 -0.38191
1.7240 -0.39595
1.7250 -0.40941
1.7260 -0.42228
1.7270 -0.43454
1.7280 -0.44617
1.7290 -0.45715
1.7300 -0.46747
1.7310 -0.47711
1.7320 -0.48607
1.7330 -0.49432
1.7340 -0.50186
1.7350 -0.50868
1.7360 -0.51477
1.7370 -0.52011
1.7380 -0.52471
1.7390 -0.52855
1.7400 -0.53164
1.7410 -0.53397
1.7420 -0.53553
1.7430 -0.53632
1.7440 -0.53634
1.7450 -0.53560
1.7460 -0.53410
1.7470 -0.53183
1.7480 -0.52880
1.7490 -0.52502
1.7500 -0.52049
1.7510 -0.51522
1.7520 -0.50922
1.7530 -0.50249
1.7540 -0.49505
1.7550 -0.48691
1.7560 -0.47807
1.7570 -0.46856
1.7580 -0.45839
1.7590 -0.44757
1.7600 -0.43612
1.7610 -0.42405
1.7620 -0.41138
1.7630 -0.39814
1.7640 -0.38433
1.7650 -0.36999
1.7660 -0.35512
1.7670 -0.33976
1.7680 -0.32393
1.7690 -0.30764
1.7700 -0.29093
1.7710 -0.27381
1.7720 -0.25631
1.7730 -0.23846
1.7740 -0.22028
1.7750 -0.20180
1.7760 -0.18304
1.7770 -0.16403
1.7780 -0.14481
1.7790 -0.12539
1.7800 -0.10580
1.7810 -0.08608
1.7820 -0.06625
1.7830 -0.04633
1.7840 -0.02637
1.7850 -0.00638
1.7860 0.01360
1.7870 0.03355
1.7880 0.05344
1.7890 0.07323
1.7900 0.09291
1.7910 0.11244
1.7920 0.13179
1.7930 0.15095
1.7940 0.16987
1.7950 0.18854
1.7960 0.20692
1.7970 0.22500
1.7980 0.24274
1.7990 0.26012
1.8000 0.27712
1.8010 0.29371
1.8020 0.30987
1.8030 0.32557
1.8040 0.34080
1.8050 0.35552
1.8060 0.36973
1.8070 0.38340
1.8080 0.39652
1.8090 0.40905
1.8100 0.42099
1.8110 0.43233
1.8120 0.44303
1.8130 0.45310
1.8140 0.46251
1.8150 0.47125
1.8160 0.47931
1.8170 0.48669
1.8180 0.49336
1.8190 0.49932
1.8200 0.50456
1.8210 0.50908
1.8220 0.51286
1.8230 0.51591
1.8240 0.51822
1.8250 0.51979
1.8260 0.52061
1.8270 0.52069
1.8280 0.52003
1.8290 0.51862
1.8300 0.51647
1.8310 0.51359
1.8320 0.50997
1.8330 0.50562
1.8340 0.50056
1.8350 0.49478
1.8360 0.48831
1.8370 0.48113
1.8380 0.47328
1.8390 0.46475
1.8400 0.45557
1.8410 0.44574
1.8420 0.43528
1.8430 0.42420
1.8440 0.41253
1.8450 0.40028
1.8460 0.38746
1.8470 0.37410
1.8480 0.36021
1.8490 0.34582
1.8500 0.33094
1.8510 0.31560
1.8520 0.29982
1.8530 0.28362
1.8540 0.26703
1.8550 0.25007
1.8560 0.23276
1.8570 0.21514
1.8580 0.19722
1.8590 0.17903
1.8600 0.16059
1.8610 0.14194
1.8620 0.12310
1.8630 0.10410
1.8640 0.08496
1.8650 0.06572
1.8660 0.04639
1.8670 0.02701
1.8680 0.00761
1.8690 -0.01179
1.8700 -0.03116
1.8710 -0.05047
1.8720 -0.06969
1.8730 -0.08881
1.8740 -0.10778
1.8750 -0.12658
1.8760 -0.14519
1.8770 -0.16358
1.8780 -0.18172
1.8790 -0.19959
1.8800 -0.21716
1.8810 -0.23440
1.8820 -0.25130
1.8830 -0.26783
1.8840 -0.28397
1.8850 -0.29968
1.8860 -0.31496
1.8870 -0.32977
1.8880 -0.34411
1.8890 -0.35794
1.8900 -0.37125
1.8910 -0.38402
1.8920 -0.39623
1.8930 -0.40787
1.8940 -0.41891
1.8950 -0.42935
1.8960 -0.43917
1.8970 -0.44835
1.8980 -0.45688
1.8990 -0.46476
1.9000 -0.47196
1.9010 -0.47849
1.9020 -0.48433
1.9030 -0.48947
1.9040 -0.49390
1.9050 -0.49763
1.9060 -0.50064
1.9070 -0.50294
1.9080 -0.50451
1.9090 -0.50537
1.9100 -0.50550
1.9110 -0.50490
1.9120 -0.50359
1.9130 -0.50155
1.9140 -0.49881
1.9150 -0.49535
1.9160 -0.49118
1.9170 -0.48631
1.9180 -0.48076
1.9190 -0.47452
1.9200 -0.46760
1.9210 -0.46003
1.9220 -0.45180
1.9230 -0.44293
1.9240 -0.43343
1.9250 -0.42332
1.9260 -0.41261
1.9270 -0.40132
1.9280 -0.38947
1.9290 -0.37706
1.9300 -0.36413
1.9310 -0.35068
1.9320 -0.33674
1.9330 -0.32234
1.9340 -0.30748
1.9350 -0.29219
1.9360 -0.27649
1.9370 -0.26042
1.9380 -0.24398
1.9390 -0.22720
1.9400 -0.21011
1.9410 -0.19273
1.9420 -0.17509
1.9430 -0.15721
1.9440 -0.13912
1.9450 -0.12084
1.9460 -0.10241
1.9470 -0.08384
1.9480 -0.06516
1.9490 -0.04641
1.9500 -0.02760
1.9510 -0.00876
1.9520 0.01007
1.9530 0.02888
1.9540 0.04763
1.9550 0.06630
1.9560 0.08486
1.9570 0.10329
1.9580 0.12155
1.9590 0.13963
1.9600 0.15750
1.9610 0.17513
1.9620 0.19250
1.9630 0.20958
1.9640 0.22634
1.9650 0.24277
1.9660 0.25885
1.9670 0.27454
1.9680 0.28983
1.9690 0.30469
1.9700 0.31910
1.9710 0.33305
1.9720 0.34652
1.9730 0.35948
1.9740 0.37191
1.9750 0.38381
1.9760 0.39514
1.9770 0.40591
1.9780 0.41608
1.9790 0.42566
1.9800 0.43462
1.9810 0.44295
1.9820 0.45064
1.9830 0.45768
1.9840 0.46407
1.9850 0.46978
1.9860 0.47482
1.9870 0.47918
1.9880 0.48285
1.9890 0.48582
1.9900 0.48810
1.9910 0.48968
1.9920 0.49056
1.9930 0.49074
1.9940 0.49021
1.9950 0.48899
1.9960 0.48707
1.9970 0.48445
1.9980 0.48114
1.9990 0.47714
2.0000 0.47247
2.0010 0.46712
2.0020 0.46111
2.0030 0.45445
2.0040 0.44714
2.0050 0.43920
2.0060 0.43063
2.0070 0.42146
2.0080 0.41168
2.0090 0.40133
2.0100 0.39041
2.0110 0.37894
2.0120 0.36694
2.0130 0.35442
2.0140 0.34140
2.0150 0.32791
2.0160 0.31395
2.0170 0.29956
2.0180 0.28475
2.0190 0.26954
2.0200 0.25396
2.0210 0.23802
2.0220 0.22176
2.0230 0.20519
2.0240 0.18834
2.0250 0.17123
2.0260 0.15389
2.0270 0.13634
2.0280 0.11861
2.0290 0.10073
2.0300 0.08271
2.0310 0.06458
2.0320 0.04638
2.0330 0.02812
2.0340 0.00984
2.0350 -0.00844
2.0360 -0.02670
2.0370 -0.04491
2.0380 -0.06304
2.0390 -0.08107
2.0400 -0.09897
2.0410 -0.11672
2.0420 -0.13428
2.0430 -0.15164
2.0440 -0.16877
2.0450 -0.18565
2.0460 -0.20225
2.0470 -0.21855
2.0480 -0.23453
2.0490 -0.25016
2.0500 -0.26542
2.0510 -0.28029
2.0520 -0.29475
2.0530 -0.30877
2.0540 -0.32235
2.0550 -0.33545
2.0560 -0.34807
2.0570 -0.36018
2.0580 -0.37177
2.0590 -0.38281
2.0600 -0.39330
2.0610 -0.40322
2.0620 -0.41256
2.0630 -0.42130
2.0640 -0.42944
2.0650 -0.43695
2.0660 -0.44383
2.0670 -0.45008
2.0680 -0.45567
2.0690 -0.46061
2.0700 -0.46489
2.0710 -0.46850
2.0720 -0.47144
2.0730 -0.47370
2.0740 -0.47528
2.0750 -0.47619
2.0760 -0.47641
2.0770 -0.47595
2.0780 -0.47481
2.0790 -0.47299
2.0800 -0.47050
2.0810 -0.46734
2.0820 -0.46351
2.0830 -0.45902
2.0840 -0.45387
2.0850 -0.44809
2.0860 -0.44166
2.0870 -0.43461
2.0880 -0.42694
2.0890 -0.41867
2.0900 -0.40981
2.0910 -0.40036
2.0920 -0.39035
2.0930 -0.37979
2.0940 -0.36870
2.0950 -0.35708
2.0960 -0.34497
2.0970 -0.33236
2.0980 -0.31930
2.0990 -0.30578
2.1000 -0.29184
2.1010 -0.27749
2.1020 -0.26275
2.1030 -0.24765
2.1040 -0.23221
2.1050 -0.21644
2.1060 -0.20038
2.1070 -0.18404
2.1080 -0.16745
2.1090 -0.15063
2.1100 -0.13361
2.1110 -0.11641
2.1120 -0.09905
2.1130 -0.08157
2.1140 -0.06398
2.1150 -0.04632
2.1160 -0.02860
2.1170 -0.01085
2.1180 0.00690
2.1190 0.02463
2.1200 0.04231
2.1210 0.05992
2.1220 0.07743
2.1230 0.09482
2.1240 0.11205
2.1250 0.12912
2.1260 0.14599
2.1270 0.16264
2.1280 0.17904
2.1290 0.19518
2.1300 0.21102
2.1310 0.22655
2.1320 0.24175
2.1330 0.25659
2.1340 0.27106
2.1350 0.28512
2.1360 0.29877
2.1370 0.31198
2.1380 0.32474
2.1390 0.33702
2.1400 0.34881
2.1410 0.36010
2.1420 0.37086
2.1430 0.38108
2.1440 0.39076
2.1450 0.39986
2.1460 0.40839
2.1470 0.41633
2.1480 0.42367
2.1490 0.43040
2.1500 0.43650
2.1510 0.44198
2.1520 0.44682
2.1530 0.45102
2.1540 0.45458
2.1550 0.45748
2.1560 0.45972
2.1570 0.46131
2.1580 0.46223
2.1590 0.46249
2.1600 0.46210
2.1610 0.46104
2.1620 0.45932
2.1630 0.45695
2.1640 0.45392
2.1650 0.45025
2.1660 0.44594
2.1670 0.44100
2.1680 0.43542
2.1690 0.42923
2.1700 0.42243
2.1710 0.41503
2.1720 0.40704
2.1730 0.39848
2.1740 0.38935
2.1750 0.37967
2.1760 0.36946
2.1770 0.35873
2.1780 0.34749
2.1790 0.33576
2.1800 0.32356
2.1810 0.31090
2.1820 0.29782
2.1830 0.28431
2.1840 0.27041
2.1850 0.25613
2.1860 0.24149
2.1870 0.22652
2.1880 0.21124
2.1890 0.19567
2.1900 0.17982
2.1910 0.16374
2.1920 0.14742
2.1930 0.13091
2.1940 0.11423
2.1950 0.09739
2.1960 0.08043
2.1970 0.06336
2.1980 0.04622
2.1990 0.02902
2.2000 0.01179
2.2010 -0.00544
2.2020 -0.02266
2.2030 -0.03983
2.2040 -0.05693
2.2050 -0.07393
2.2060 -0.09082
2.2070 -0.10756
2.2080 -0.12414
2.2090 -0.14053
2.2100 -0.15671
2.2110 -0.17266
2.2120 -0.18834
2.2130 -0.20374
2.2140 -0.21884
2.2150 -0.23362
2.2160 -0.24806
2.2170 -0.26212
2.2180 -0.27581
2.2190 -0.28909
2.2200 -0.30195
2.2210 -0.31436
2.2220 -0.32632
2.2230 -0.33780
2.2240 -0.34879
2.2250 -0.35928
2.2260 -0.36924
2.2270 -0.37867
2.2280 -0.38755
2.2290 -0.39587
2.2300 -0.40362
2.2310 -0.41079
2.2320 -0.41736
2.2330 -0.42333
2.2340 -0.42870
2.2350 -0.43344
2.2360 -0.43757
2.2370 -0.44106
2.2380 -0.44392
2.2390 -0.44615
2.2400 -0.44773
2.2410 -0.44868
2.2420 -0.44898
2.2430 -0.44864
2.2440 -0.44766
2.2450 -0.44604
2.2460 -0.44378
2.2470 -0.44089
2.2480 -0.43738
2.2490 -0.43324
2.2500 -0.42848
2.2510 -0.42311
2.2520 -0.41715
2.2530 -0.41059
2.2540 -0.40345
2.2550 -0.39573
2.2560 -0.38746
2.2570 -0.37864
2.2580 -0.36928
2.2590 -0.35940
2.2600 -0.34902
2.2610 -0.33814
2.2620 -0.32679
2.2630 -0.31498
2.2640 -0.30273
2.2650 -0.29005
2.2660 -0.27697
2.2670 -0.26350
2.2680 -0.24967
2.2690 -0.23548
2.2700 -0.22097
2.2710 -0.20616
2.2720 -0.19106
2.2730 -0.17570
2.2740 -0.16010
2.2750 -0.14428
2.2760 -0.12826
2.2770 -0.11208
2.2780 -0.09574
2.2790 -0.07928
2.2800 -0.06272
2.2810 -0.04608
2.2820 -0.02939
2.2830 -0.01266
2.2840 0.00407
2.2850 0.02078
2.2860 0.03745
2.2870 0.05405
2.2880 0.07057
2.2890 0.08697
2.2900 0.10324
2.2910 0.11935
2.2920 0.13527
2.2930 0.15100
2.2940 0.16649
2.2950 0.18173
2.2960 0.19671
2.2970 0.21139
2.2980 0.22576
2.2990 0.23980
2.3000 0.25348
2.3010 0.26679
2.3020 0.27971
2.3030 0.29223
2.3040 0.30431
2.3050 0.31595
2.3060 0.32713
2.3070 0.33784
2.3080 0.34805
2.3090 0.35776
2.3100 0.36696
2.3110 0.37562
2.3120 0.38373
2.3130 0.39130
2.3140 0.39830
2.3150 0.40472
2.3160 0.41056
2.3170 0.41581
2.3180 0.42046
2.3190 0.42451
2.3200 0.42795
2.3210 0.43077
2.3220 0.43297
2.3230 0.43456
2.3240 0.43552
2.3250 0.43586
2.3260 0.43558
2.3270 0.43467
2.3280 0.43314
2.3290 0.43100
2.3300 0.42824
2.3310 0.42487
2.3320 0.42089
2.3330 0.41632
2.3340 0.41115
2.3350 0.40540
2.3360 0.39907
2.3370 0.39218
2.3380 0.38473
2.3390 0.37674
2.3400 0.36822
2.3410 0.35917
2.3420 0.34962
2.3430 0.33957
2.3440 0.32905
2.3450 0.31806
2.3460 0.30663
2.3470 0.29477
2.3480 0.28249
2.3490 0.26982
2.3500 0.25677
2.3510 0.24336
2.3520 0.22962
2.3530 0.21555
2.3540 0.20119
2.3550 0.18656
2.3560 0.17166
2.3570 0.15653
2.3580 0.14119
2.3590 0.12566
2.3600 0.10995
2.3610 0.09411
2.3620 0.07813
2.3630 0.06206
2.3640 0.04591
2.3650 0.02971
2.3660 0.01348
2.3670 -0.00276
2.3680 -0.01899
2.3690 -0.03518
2.3700 -0.05130
2.3710 -0.06734
2.3720 -0.08327
2.3730 -0.09908
2.3740 -0.11473
2.3750 -0.13020
2.3760 -0.14548
2.3770 -0.16053
2.3780 -0.17535
2.3790 -0.18991
2.3800 -0.20418
2.3810 -0.21816
2.3820 -0.23181
2.3830 -0.24512
2.3840 -0.25807
2.3850 -0.27064
2.3860 -0.28281
2.3870 -0.29458
2.3880 -0.30591
2.3890 -0.31680
2.3900 -0.32722
2.3910 -0.33718
2.3920 -0.34664
2.3930 -0.35560
2.3940 -0.36404
2.3950 -0.37196
2.3960 -0.37935
2.3970 -0.38618
2.3980 -0.39246
2.3990 -0.39817
2.4000 -0.40331
2.4010 -0.40787
2.4020 -0.41184
2.4030 -0.41522
2.4040 -0.41800
2.4050 -0.42019
2.4060 -0.42177
2.4070 -0.42275
2.4080 -0.42312
2.4090 -0.42289
2.4100 -0.42205
2.4110 -0.42061
2.4120 -0.41857
2.4130 -0.41594
2.4140 -0.41271
2.4150 -0.40889
2.4160 -0.40449
2.4170 -0.39952
2.4180 -0.39398
2.4190 -0.38788
2.4200 -0.38123
2.4210 -0.37404
2.4220 -0.36632
2.4230 -0.35808
2.4240 -0.34933
2.4250 -0.34009
2.4260 -0.33038
2.4270 -0.32019
2.4280 -0.30956
2.4290 -0.29849
2.4300 -0.28701
2.4310 -0.27512
2.4320 -0.26284
2.4330 -0.25020
2.4340 -0.23721
2.4350 -0.22389
2.4360 -0.21026
2.4370 -0.19634
2.4380 -0.18215
2.4390 -0.16771
2.4400 -0.15304
2.4410 -0.13816
2.4420 -0.12309
2.4430 -0.10786
2.4440 -0.09248
2.4450 -0.07699
2.4460 -0.06139
2.4470 -0.04572
2.4480 -0.02999
2.4490 -0.01423
2.4500 0.00153
2.4510 0.01729
2.4520 0.03300
2.4530 0.04866
2.4540 0.06424
2.4550 0.07972
2.4560 0.09507
2.4570 0.11027
2.4580 0.12531
2.4590 0.14015
2.4600 0.15478
2.4610 0.16919
2.4620 0.18334
2.4630 0.19722
2.4640 0.21080
2.4650 0.22408
2.4660 0.23702
2.4670 0.24962
2.4680 0.26185
2.4690 0.27370
2.4700 0.28515
2.4710 0.29618
2.4720 0.30678
2.4730 0.31694
2.4740 0.32663
2.4750 0.33586
2.4760 0.34459
2.4770 0.35283
2.4780 0.36055
2.4790 0.36776
2.4800 0.37443
2.4810 0.38056
2.4820 0.38615
2.4830 0.39118
2.4840 0.39564
2.4850 0.39954
2.4860 0.40286
2.4870 0.40561
2.4880 0.40777
2.4890 0.40935
2.4900 0.41034
2.4910 0.41075
2.4920 0.41057
2.4930 0.40980
2.4940 0.40844
2.4950 0.40651
2.4960 0.40399
2.4970 0.40090
2.4980 0.39723
2.4990 0.39300
2.5000 0.38821
2.5010 0.38288
2.5020 0.37699
2.5030 0.37057
2.5040 0.36363
2.5050 0.35617
2.5060 0.34821
2.5070 0.33976
2.5080 0.33083
2.5090 0.32143
2.5100 0.31157
2.5110 0.30128
2.5120 0.29057
2.5130 0.27944
2.5140 0.26793
2.5150 0.25604
2.5160 0.24380
2.5170 0.23121
2.5180 0.21830
2.5190 0.20509
2.5200 0.19160
2.5210 0.17784
2.5220 0.16384
2.5230 0.14961
2.5240 0.13518
2.5250 0.12056
2.5260 0.10579
2.5270 0.09087
2.5280 0.07584
2.5290 0.06070
2.5300 0.04549
2.5310 0.03023
2.5320 0.01493
2.5330 -0.00037
2.5340 -0.01567
2.5350 -0.03093
2.5360 -0.04613
2.5370 -0.06126
2.5380 -0.07629
2.5390 -0.09121
2.5400 -0.10598
2.5410 -0.12059
2.5420 -0.13501
2.5430 -0.14923
2.5440 -0.16323
2.5450 -0.17699
2.5460 -0.19048
2.5470 -0.20369
2.5480 -0.21660
2.5490 -0.22919
2.5500 -0.24145
2.5510 -0.25335
2.5520 -0.26488
2.5530 -0.27602
2.5540 -0.28676
2.5550 -0.29708
2.5560 -0.30697
2.5570 -0.31642
2.5580 -0.32540
2.5590 -0.33392
2.5600 -0.34195
2.5610 -0.34948
2.5620 -0.35652
2.5630 -0.36303
2.5640 -0.36902
2.5650 -0.37449
2.5660 -0.37941
2.5670 -0.38378
2.5680 -0.38761
2.5690 -0.39087
2.5700 -0.39358
2.5710 -0.39572
2.5720 -0.39730
2.5730 -0.39830
2.5740 -0.39874
2.5750 -0.39860
2.5760 -0.39790
2.5770 -0.39662
2.5780 -0.39478
2.5790 -0.39238
2.5800 -0.38942
2.5810 -0.38590
2.5820 -0.38184
2.5830 -0.37723
2.5840 -0.37208
2.5850 -0.36641
2.5860 -0.36022
2.5870 -0.35351
2.5880 -0.34631
2.5890 -0.33862
2.5900 -0.33044
2.5910 -0.32181
2.5920 -0.31271
2.5930 -0.30318
2.5940 -0.29322
2.5950 -0.28285
2.5960 -0.27208
2.5970 -0.26093
2.5980 -0.24941
2.5990 -0.23755
2.6000 -0.22536
2.6010 -0.21285
2.6020 -0.20004
2.6030 -0.18696
2.6040 -0.17362
2.6050 -0.16005
2.6060 -0.14625
2.6070 -0.13226
2.6080 -0.11808
2.6090 -0.10375
2.6100 -0.08928
2.6110 -0.07469
2.6120 -0.06000
2.6130 -0.04524
2.6140 -0.03043
2.6150 -0.01558
2.6160 -0.00072
2.6170 0.01413
2.6180 0.02894
2.6190 0.04371
2.6200 0.05841
2.6210 0.07300
2.6220 0.08749
2.6230 0.10184
2.6240 0.11603
2.6250 0.13005
2.6260 0.14387
2.6270 0.15748
2.6280 0.17085
2.6290 0.18397
2.6300 0.19681
2.6310 0.20937
2.6320 0.22161
2.6330 0.23353
2.6340 0.24511
2.6350 0.25633
2.6360 0.26718
2.6370 0.27763
2.6380 0.28768
2.6390 0.29732
2.6400 0.30652
2.6410 0.31527
2.6420 0.32357
2.6430 0.33140
2.6440 0.33875
2.6450 0.34562
2.6460 0.35198
2.6470 0.35783
2.6480 0.36317
2.6490 0.36799
2.6500 0.37228
2.6510 0.37603
2.6520 0.37924
2.6530 0.38191
2.6540 0.38402
2.6550 0.38559
2.6560 0.38661
2.6570 0.38707
2.6580 0.38698
2.6590 0.38634
2.6600 0.38514
2.6610 0.38339
2.6620 0.38110
2.6630 0.37827
2.6640 0.37489
2.6650 0.37098
2.6660 0.36655
2.6670 0.36159
2.6680 0.35612
2.6690 0.35015
2.6700 0.34367
2.6710 0.33672
2.6720 0.32928
2.6730 0.32138
2.6740 0.31303
2.6750 0.30423
2.6760 0.29501
2.6770 0.28537
2.6780 0.27533
2.6790 0.26490
2.6800 0.25411
2.6810 0.24295
2.6820 0.23146
2.6830 0.21964
2.6840 0.20752
2.6850 0.19511
2.6860 0.18243
2.6870 0.16950
2.6880 0.15634
2.6890 0.14296
2.6900 0.12939
2.6910 0.11564
2.6920 0.10174
2.6930 0.08770
2.6940 0.07354
2.6950 0.05929
2.6960 0.04497
2.6970 0.03059
2.6980 0.01618
2.6990 0.00175
2.7000 -0.01266
2.7010 -0.02705
2.7020 -0.04139
2.7030 -0.05566
2.7040 -0.06984
2.7050 -0.08391
2.7060 -0.09785
2.7070 -0.11164
2.7080 -0.12526
2.7090 -0.13870
2.7100 -0.15192
2.7110 -0.16492
2.7120 -0.17767
2.7130 -0.19016
2.7140 -0.20237
2.7150 -0.21428
2.7160 -0.22588
2.7170 -0.23714
2.7180 -0.24806
2.7190 -0.25861
2.7200 -0.26879
2.7210 -0.27858
2.7220 -0.28796
2.7230 -0.29692
2.7240 -0.30546
2.7250 -0.31354
2.7260 -0.32118
2.7270 -0.32835
2.7280 -0.33505
2.7290 -0.34126
2.7300 -0.34698
2.7310 -0.35220
2.7320 -0.35691
2.7330 -0.36111
2.7340 -0.36479
2.7350 -0.36795
2.7360 -0.37057
2.7370 -0.37267
2.7380 -0.37423
2.7390 -0.37526
2.7400 -0.37575
2.7410 -0.37570
2.7420 -0.37511
2.7430 -0.37399
2.7440 -0.37233
2.7450 -0.37015
2.7460 -0.36743
2.7470 -0.36419
2.7480 -0.36044
2.7490 -0.35617
2.7500 -0.35139
2.7510 -0.34612
2.7520 -0.34035
2.7530 -0.33411
2.7540 -0.32739
2.7550 -0.32020
2.7560 -0.31257
2.7570 -0.30449
2.7580 -0.29598
2.7590 -0.28706
2.7600 -0.27773
2.7610 -0.26801
2.7620 -0.25791
2.7630 -0.24746
2.7640 -0.23665
2.7650 -0.22552
2.7660 -0.21407
2.7670 -0.20233
2.7680 -0.19030
2.7690 -0.17801
2.7700 -0.16547
2.7710 -0.15271
2.7720 -0.13974
2.7730 -0.12657
2.7740 -0.11324
2.7750 -0.09975
2.7760 -0.08613
2.7770 -0.07240
2.7780 -0.05857
2.7790 -0.04467
2.7800 -0.03072
2.7810 -0.01673
2.7820 -0.00272
2.7830 0.01127
2.7840 0.02524
2.7850 0.03917
2.7860 0.05303
2.7870 0.06680
2.7880 0.08047
2.7890 0.09401
2.7900 0.10741
2.7910 0.12064
2.7920 0.13370
2.7930 0.14655
2.7940 0.15919
2.7950 0.17158
2.7960 0.18373
2.7970 0.19560
2.7980 0.20718
2.7990 0.21846
2.8000 0.22942
2.8010 0.24005
2.8020 0.25032
2.8030 0.26023
2.8040 0.26976
2.8050 0.27889
2.8060 0.28763
2.8070 0.29594
2.8080 0.30382
2.8090 0.31127
2.8100 0.31826
2.8110 0.32480
2.8120 0.33086
2.8130 0.33645
2.8140 0.34155
2.8150 0.34617
2.8160 0.35028
2.8170 0.35389
2.8180 0.35699
2.8190 0.35958
2.8200 0.36165
2.8210 0.36320
2.8220 0.36424
2.8230 0.36475
2.8240 0.36474
2.8250 0.36421
2.8260 0.36316
2.8270 0.36159
2.8280 0.35950
2.8290 0.35690
2.8300 0.35380
2.8310 0.35019
2.8320 0.34608
2.8330 0.34148
2.8340 0.33639
2.8350 0.33083
2.8360 0.32480
2.8370 0.31831
2.8380 0.31137
2.8390 0.30399
2.8400 0.29618
2.8410 0.28795
2.8420 0.27931
2.8430 0.27028
2.8440 0.26088
2.8450 0.25110
2.8460 0.24098
2.8470 0.23051
2.8480 0.21973
2.8490 0.20864
2.8500 0.19725
2.8510 0.18560
2.8520 0.17369
2.8530 0.16153
2.8540 0.14916
2.8550 0.13658
2.8560 0.12381
2.8570 0.11088
2.8580 0.09780
2.8590 0.08458
2.8600 0.07126
2.8610 0.05784
2.8620 0.04435
2.8630 0.03081
2.8640 0.01723
2.8650 0.00364
2.8660 -0.00995
2.8670 -0.02352
2.8680 -0.03704
2.8690 -0.05050
2.8700 -0.06388
2.8710 -0.07715
2.8720 -0.09031
2.8730 -0.10333
2.8740 -0.11619
2.8750 -0.12887
2.8760 -0.14137
2.8770 -0.15365
2.8780 -0.16570
2.8790 -0.17751
2.8800 -0.18905
2.8810 -0.20032
2.8820 -0.21129
2.8830 -0.22195
2.8840 -0.23229
2.8850 -0.24229
2.8860 -0.25194
2.8870 -0.26121
2.8880 -0.27011
2.8890 -0.27862
2.8900 -0.28672
2.8910 -0.29440
2.8920 -0.30166
2.8930 -0.30848
2.8940 -0.31486
2.8950 -0.32078
2.8960 -0.32624
2.8970 -0.33123
2.8980 -0.33574
2.8990 -0.33977
2.9000 -0.34331
2.9010 -0.34635
2.9020 -0.34890
2.9030 -0.35095
2.9040 -0.35250
2.9050 -0.35354
2.9060 -0.35407
2.9070 -0.35410
2.9080 -0.35362
2.9090 -0.35264
2.9100 -0.35115
2.9110 -0.34916
2.9120 -0.34667
2.9130 -0.34369
2.9140 -0.34023
2.9150 -0.33627
2.9160 -0.33184
2.9170 -0.32694
2.9180 -0.32157
2.9190 -0.31575
2.9200 -0.30948
2.9210 -0.30278
2.9220 -0.29564
2.9230 -0.28809
2.9240 -0.28013
2.9250 -0.27177
2.9260 -0.26304
2.9270 -0.25393
2.9280 -0.24447
2.9290 -0.23466
2.9300 -0.22453
2.9310 -0.21408
2.9320 -0.20333
2.9330 -0.19231
2.9340 -0.18101
2.9350 -0.16946
2.9360 -0.15768
2.9370 -0.14568
2.9380 -0.13348
2.9390 -0.12110
2.9400 -0.10856
2.9410 -0.09587
2.9420 -0.08305
2.9430 -0.07012
2.9440 -0.05710
2.9450 -0.04401
2.9460 -0.03087
2.9470 -0.01769
2.9480 -0.00449
2.9490 0.00870
2.9500 0.02187
2.9510 0.03500
2.9520 0.04807
2.9530 0.06106
2.9540 0.07396
2.9550 0.08674
2.9560 0.09939
2.9570 0.11189
2.9580 0.12422
2.9590 0.13636
2.9600 0.14829
2.9610 0.16001
2.9620 0.17149
2.9630 0.18272
2.9640 0.19368
2.9650 0.20435
2.9660 0.21472
2.9670 0.22478
2.9680 0.23451
2.9690 0.24390
2.9700 0.25293
2.9710 0.26160
2.9720 0.26988
2.9730 0.27778
2.9740 0.28527
2.9750 0.29234
2.9760 0.29900
2.9770 0.30522
2.9780 0.31100
2.9790 0.31633
2.9800 0.32121
2.9810 0.32562
2.9820 0.32957
2.9830 0.33304
2.9840 0.33603
2.9850 0.33854
2.9860 0.34057
2.9870 0.34210
2.9880 0.34315
2.9890 0.34370
2.9900 0.34376
2.9910 0.34334
2.9920 0.34242
2.9930 0.34101
2.9940 0.33911
2.9950 0.33674
2.9960 0.33388
2.9970 0.33054
2.9980 0.32674
2.9990 0.32247
3.0000 0.31775
3.0010 0.31257
3.0020 0.30695
3.0030 0.30090
3.0040 0.29442
3.0050 0.28752
3.0060 0.28022
3.0070 0.27252
3.0080 0.26444
3.0090 0.25598
3.0100 0.24717
3.0110 0.23801
3.0120 0.22851
3.0130 0.21870
3.0140 0.20858
3.0150 0.19816
3.0160 0.18748
3.0170 0.17653
3.0180 0.16534
3.0190 0.15391
3.0200 0.14228
3.0210 0.13045
3.0220 0.11845
3.0230 0.10628
3.0240 0.09397
3.0250 0.08154
3.0260 0.06899
3.0270 0.05636
3.0280 0.04366
3.0290 0.03090
3.0300 0.01811
3.0310 0.00530
3.0320 -0.00751
3.0330 -0.02030
3.0340 -0.03305
3.0350 -0.04574
3.0360 -0.05836
3.0370 -0.07089
3.0380 -0.08331
3.0390 -0.09559
3.0400 -0.10774
3.0410 -0.11972
3.0420 -0.13152
3.0430 -0.14312
3.0440 -0.15451
3.0450 -0.16568
3.0460 -0.17659
3.0470 -0.18725
3.0480 -0.19763
3.0490 -0.20773
3.0500 -0.21751
3.0510 -0.22698
3.0520 -0.23612
3.0530 -0.24492
3.0540 -0.25335
3.0550 -0.26142
3.0560 -0.26911
3.0570 -0.27641
3.0580 -0.28331
3.0590 -0.28980
3.0600 -0.29588
3.0610 -0.30152
3.0620 -0.30673
3.0630 -0.31149
3.0640 -0.31581
3.0650 -0.31967
3.0660 -0.32308
3.0670 -0.32602
3.0680 -0.32849
3.0690 -0.33049
3.0700 -0.33201
3.0710 -0.33306
3.0720 -0.33364
3.0730 -0.33373
3.0740 -0.33335
3.0750 -0.33249
3.0760 -0.33116
3.0770 -0.32935
3.0780 -0.32708
3.0790 -0.32434
3.0800 -0.32114
3.0810 -0.31748
3.0820 -0.31337
3.0830 -0.30881
3.0840 -0.30382
3.0850 -0.29839
3.0860 -0.29255
3.0870 -0.28629
3.0880 -0.27962
3.0890 -0.27256
3.0900 -0.26511
3.0910 -0.25729
3.0920 -0.24911
3.0930 -0.24058
3.0940 -0.23171
3.0950 -0.22252
3.0960 -0.21301
3.0970 -0.20321
3.0980 -0.19312
3.0990 -0.18276
3.1000 -0.17215
3.1010 -0.16130
3.1020 -0.15023
3.1030 -0.13895
3.1040 -0.12749
3.1050 -0.11584
3.1060 -0.10404
3.1070 -0.09210
3.1080 -0.08004
3.1090 -0.06787
3.1100 -0.05561
3.1110 -0.04328
3.1120 -0.03090
3.1130 -0.01848
3.1140 -0.00605
3.1150 0.00639
3.1160 0.01880
3.1170 0.03118
3.1180 0.04351
3.1190 0.05577
3.1200 0.06793
3.1210 0.08000
3.1220 0.09194
3.1230 0.10373
3.1240 0.11538
3.1250 0.12685
3.1260 0.13813
3.1270 0.14920
3.1280 0.16005
3.1290 0.17067
3.1300 0.18103
3.1310 0.19113
3.1320 0.20095
3.1330 0.21047
3.1340 0.21969
3.1350 0.22859
3.1360 0.23715
3.1370 0.24536
3.1380 0.25323
3.1390 0.26072
3.1400 0.26783
3.1410 0.27456
3.1420 0.28089
3.1430 0.28681
3.1440 0.29232
3.1450 0.29741
3.1460 0.30207
3.1470 0.30629
3.1480 0.31007
3.1490 0.31341
3.1500 0.31630
3.1510 0.31873
3.1520 0.32070
3.1530 0.32222
3.1540 0.32327
3.1550 0.32386
3.1560 0.32399
3.1570 0.32365
3.1580 0.32285
3.1590 0.32159
3.1600 0.31987
3.1610 0.31770
3.1620 0.31507
3.1630 0.31199
3.1640 0.30847
3.1650 0.30452
3.1660 0.30012
3.1670 0.29531
3.1680 0.29007
3.1690 0.28443
3.1700 0.27838
3.1710 0.27193
3.1720 0.26511
3.1730 0.25791
3.1740 0.25034
3.1750 0.24242
3.1760 0.23417
3.1770 0.22558
3.1780 0.21668
3.1790 0.20747
3.1800 0.19797
3.1810 0.18820
3.1820 0.17816
3.1830 0.16788
3.1840 0.15737
3.1850 0.14663
3.1860 0.13570
3.1870 0.12458
3.1880 0.11329
3.1890 0.10184
3.1900 0.09026
3.1910 0.07856
3.1920 0.06675
3.1930 0.05486
3.1940 0.04289
3.1950 0.03087
3.1960 0.01882
3.1970 0.00675
3.1980 -0.00532
3.1990 -0.01738
3.2000 -0.02940
3.2010 -0.04137
3.2020 -0.05327
3.2030 -0.06509
3.2040 -0.07681
3.2050 -0.08841
3.2060 -0.09987
3.2070 -0.11119
3.2080 -0.12233
3.2090 -0.13330
3.2100 -0.14406
3.2110 -0.15461
3.2120 -0.16494
3.2130 -0.17502
3.2140 -0.18484
3.2150 -0.19439
3.2160 -0.20366
3.2170 -0.21263
3.2180 -0.22129
3.2190 -0.22962
3.2200 -0.23762
3.2210 -0.24528
3.2220 -0.25258
3.2230 -0.25952
3.2240 -0.26607
3.2250 -0.27225
3.2260 -0.27803
3.2270 -0.28340
3.2280 -0.28837
3.2290 -0.29293
3.2300 -0.29706
3.2310 -0.30076
3.2320 -0.30403
3.2330 -0.30686
3.2340 -0.30926
3.2350 -0.31121
3.2360 -0.31271
3.2370 -0.31376
3.2380 -0.31437
3.2390 -0.31453
3.2400 -0.31423
3.2410 -0.31349
3.2420 -0.31230
3.2430 -0.31066
3.2440 -0.30858
3.2450 -0.30606
3.2460 -0.30311
3.2470 -0.29972
3.2480 -0.29591
3.2490 -0.29168
3.2500 -0.28703
3.2510 -0.28198
3.2520 -0.27653
3.2530 -0.27068
3.2540 -0.26446
3.2550 -0.25785
3.2560 -0.25089
3.2570 -0.24357
3.2580 -0.23591
3.2590 -0.22792
3.2600 -0.21960
3.2610 -0.21098
3.2620 -0.20207
3.2630 -0.19287
3.2640 -0.18340
3.2650 -0.17368
3.2660 -0.16371
3.2670 -0.15352
3.2680 -0.14311
3.2690 -0.13251
3.2700 -0.12173
3.2710 -0.11078
3.2720 -0.09968
3.2730 -0.08845
3.2740 -0.07709
3.2750 -0.06564
3.2760 -0.05410
3.2770 -0.04249
3.2780 -0.03082
3.2790 -0.01913
3.2800 -0.00741
3.2810 0.00431
3.2820 0.01601
3.2830 0.02769
3.2840 0.03931
3.2850 0.05088
3.2860 0.06236
3.2870 0.07374
3.2880 0.08501
3.2890 0.09615
3.2900 0.10714
3.2910 0.11797
3.2920 0.12863
3.2930 0.13910
3.2940 0.14936
3.2950 0.15939
3.2960 0.16920
3.2970 0.17875
3.2980 0.18804
3.2990 0.19706
3.3000 0.20579
3.3010 0.21422
3.3020 0.22233
3.3030 0.23012
3.3040 0.23758
3.3050 0.24469
3.3060 0.25145
3.3070 0.25785
3.3080 0.26387
3.3090 0.26950
3.3100 0.27475
3.3110 0.27961
3.3120 0.28406
3.3130 0.28810
3.3140 0.29172
3.3150 0.29493
3.3160 0.29771
3.3170 0.30007
3.3180 0.30199
3.3190 0.30348
3.3200 0.30454
3.3210 0.30516
3.3220 0.30534
3.3230 0.30508
3.3240 0.30439
3.3250 0.30327
3.3260 0.30171
3.3270 0.29973
3.3280 0.29731
3.3290 0.29447
3.3300 0.29122
3.3310 0.28755
3.3320 0.28347
3.3330 0.27899
3.3340 0.27411
3.3350 0.26884
3.3360 0.26320
3.3370 0.25718
3.3380 0.25080
3.3390 0.24406
3.3400 0.23698
3.3410 0.22957
3.3420 0.22183
3.3430 0.21379
3.3440 0.20544
3.3450 0.19680
3.3460 0.18789
3.3470 0.17872
3.3480 0.16930
3.3490 0.15964
3.3500 0.14976
3.3510 0.13968
3.3520 0.12940
3.3530 0.11894
3.3540 0.10832
3.3550 0.09756
3.3560 0.08666
3.3570 0.07565
3.3580 0.06453
3.3590 0.05334
3.3600 0.04207
3.3610 0.03075
3.3620 0.01940
3.3630 0.00802
3.3640 -0.00335
3.3650 -0.01472
3.3660 -0.02605
3.3670 -0.03734
3.3680 -0.04857
3.3690 -0.05972
3.3700 -0.07078
3.3710 -0.08173
3.3720 -0.09255
3.3730 -0.10324
3.3740 -0.11377
3.3750 -0.12412
3.3760 -0.13430
3.3770 -0.14427
3.3780 -0.15403
3.3790 -0.16357
3.3800 -0.17286
3.3810 -0.18190
3.3820 -0.19067
3.3830 -0.19917
3.3840 -0.20737
3.3850 -0.21527
3.3860 -0.22286
3.3870 -0.23012
3.3880 -0.23705
3.3890 -0.24364
3.3900 -0.24987
3.3910 -0.25574
3.3920 -0.26124
3.3930 -0.26637
3.3940 -0.27111
3.3950 -0.27545
3.3960 -0.27941
3.3970 -0.28295
3.3980 -0.28610
3.3990 -0.28883
3.4000 -0.29114
3.4010 -0.29304
3.4020 -0.29452
3.4030 -0.29558
3.4040 -0.29621
3.4050 -0.29642
3.4060 -0.29620
3.4070 -0.29556
3.4080 -0.29450
3.4090 -0.29302
3.4100 -0.29112
3.4110 -0.28881
3.4120 -0.28608
3.4130 -0.28295
3.4140 -0.27942
3.4150 -0.27549
3.4160 -0.27116
3.4170 -0.26646
3.4180 -0.26137
3.4190 -0.25592
3.4200 -0.25010
3.4210 -0.24393
3.4220 -0.23742
3.4230 -0.23057
3.4240 -0.22340
3.4250 -0.21591
3.4260 -0.20812
3.4270 -0.20004
3.4280 -0.19167
3.4290 -0.18304
3.4300 -0.17415
3.4310 -0.16503
3.4320 -0.15567
3.4330 -0.14609
3.4340 -0.13631
3.4350 -0.12635
3.4360 -0.11621
3.4370 -0.10592
3.4380 -0.09547
3.4390 -0.08490
3.4400 -0.07422
3.4410 -0.06344
3.4420 -0.05257
3.4430 -0.04164
3.4440 -0.03066
3.4450 -0.01963
3.4460 -0.00859
3.4470 0.00245
3.4480 0.01348
3.4490 0.02449
3.4500 0.03545
3.4510 0.04636
3.4520 0.05719
3.4530 0.06793
3.4540 0.07857
3.4550 0.08909
3.4560 0.09947
3.4570 0.10970
3.4580 0.11977
3.4590 0.12966
3.4600 0.13936
3.4610 0.14885
3.4620 0.15812
3.4630 0.16716
3.4640 0.17595
3.4650 0.18449
3.4660 0.19275
3.4670 0.20074
3.4680 0.20843
3.4690 0.21582
3.4700 0.22289
3.4710 0.22965
3.4720 0.23606
3.4730 0.24214
3.4740 0.24786
3.4750 0.25323
3.4760 0.25823
3.4770 0.26286
3.4780 0.26711
3.4790 0.27097
3.4800 0.27445
3.4810 0.27753
3.4820 0.28021
3.4830 0.28249
3.4840 0.28436
3.4850 0.28582
3.4860 0.28688
3.4870 0.28752
3.4880 0.28775
3.4890 0.28757
3.4900 0.28698
3.4910 0.28598
3.4920 0.28458
3.4930 0.28276
3.4940 0.28055
3.4950 0.27793
3.4960 0.27492
3.4970 0.27152
3.4980 0.26773
3.4990 0.26356
3.5000 0.25902
3.5010 0.25411
3.5020 0.24884
3.5030 0.24322
3.5040 0.23725
3.5050 0.23095
3.5060 0.22433
3.5070 0.21739
3.5080 0.21014
3.5090 0.20260
3.5100 0.19477
3.5110 0.18667
3.5120 0.17831
3.5130 0.16970
3.5140 0.16086
3.5150 0.15179
3.5160 0.14251
3.5170 0.13303
3.5180 0.12337
3.5190 0.11354
3.5200 0.10355
3.5210 0.09343
3.5220 0.08318
3.5230 0.07281
3.5240 0.06235
3.5250 0.05181
3.5260 0.04120
3.5270 0.03054
3.5280 0.01984
3.5290 0.00913
3.5300 -0.00160
3.5310 -0.01231
3.5320 -0.02300
3.5330 -0.03364
3.5340 -0.04424
3.5350 -0.05476
3.5360 -0.06519
3.5370 -0.07552
3.5380 -0.08574
3.5390 -0.09583
3.5400 -0.10578
3.5410 -0.11556
3.5420 -0.12518
3.5430 -0.13460
3.5440 -0.14383
3.5450 -0.15285
3.5460 -0.16164
3.5470 -0.17020
3.5480 -0.17850
3.5490 -0.18655
3.5500 -0.19432
3.5510 -0.20181
3.5520 -0.20900
3.5530 -0.21589
3.5540 -0.22247
3.5550 -0.22872
3.5560 -0.23464
3.5570 -0.24023
3.5580 -0.24546
3.5590 -0.25034
3.5600 -0.25486
3.5610 -0.25902
3.5620 -0.26279
3.5630 -0.26619
3.5640 -0.26921
3.5650 -0.27184
3.5660 -0.27408
3.5670 -0.27593
3.5680 -0.27738
3.5690 -0.27843
3.5700 -0.27909
3.5710 -0.27934
3.5720 -0.27920
3.5730 -0.27865
3.5740 -0.27771
3.5750 -0.27637
3.5760 -0.27464
3.5770 -0.27252
3.5780 -0.27001
3.5790 -0.26711
3.5800 -0.26384
3.5810 -0.26018
3.5820 -0.25616
3.5830 -0.25178
3.5840 -0.24704
3.5850 -0.24195
3.5860 -0.23652
3.5870 -0.23075
3.5880 -0.22466
3.5890 -0.21825
3.5900 -0.21154
3.5910 -0.20452
3.5920 -0.19722
3.5930 -0.18964
3.5940 -0.18180
3.5950 -0.17370
3.5960 -0.16536
3.5970 -0.15679
3.5980 -0.14800
3.5990 -0.13901
3.6000 -0.12982
3.6010 -0.12045
3.6020 -0.11092
3.6030 -0.10124
3.6040 -0.09142
3.6050 -0.08147
3.6060 -0.07142
3.6070 -0.06127
3.6080 -0.05104
3.6090 -0.04075
3.6100 -0.03040
3.6110 -0.02002
3.6120 -0.00962
3.6130 0.00079
3.6140 0.01119
3.6150 0.02157
3.6160 0.03191
3.6170 0.04220
3.6180 0.05241
3.6190 0.06255
3.6200 0.07259
3.6210 0.08252
3.6220 0.09232
3.6230 0.10199
3.6240 0.11150
3.6250 0.12084
3.6260 0.13001
3.6270 0.13898
3.6280 0.14775
3.6290 0.15630
3.6300 0.16463
3.6310 0.17271
3.6320 0.18053
3.6330 0.18810
3.6340 0.19539
3.6350 0.20239
3.6360 0.20910
3.6370 0.21551
3.6380 0.22161
3.6390 0.22738
3.6400 0.23282
3.6410 0.23793
3.6420 0.24269
3.6430 0.24711
3.6440 0.25116
3.6450 0.25486
3.6460 0.25819
3.6470 0.26114
3.6480 0.26373
3.6490 0.26593
3.6500 0.26775
3.6510 0.26918
3.6520 0.27023
3.6530 0.27090
3.6540 0.27117
3.6550 0.27106
3.6560 0.27056
3.6570 0.26968
3.6580 0.26841
3.6590 0.26675
3.6600 0.26472
3.6610 0.26231
3.6620 0.25952
3.6630 0.25637
3.6640 0.25285
3.6650 0.24898
3.6660 0.24475
3.6670 0.24017
3.6680 0.23525
3.6690 0.23000
3.6700 0.22443
3.6710 0.21854
3.6720 0.21234
3.6730 0.20584
3.6740 0.19905
3.6750 0.19198
3.6760 0.18465
3.6770 0.17705
3.6780 0.16921
3.6790 0.16113
3.6800 0.15282
3.6810 0.14431
3.6820 0.13559
3.6830 0.12668
3.6840 0.11760
3.6850 0.10836
3.6860 0.09897
3.6870 0.08945
3.6880 0.07980
3.6890 0.07005
3.6900 0.06020
3.6910 0.05028
3.6920 0.04029
3.6930 0.03025
3.6940 0.02017
3.6950 0.01007
3.6960 -0.00003
3.6970 -0.01013
3.6980 -0.02021
3.6990 -0.03025
3.7000 -0.04024
3.7010 -0.05016
3.7020 -0.06001
3.7030 -0.06976
3.7040 -0.07941
3.7050 -0.08893
3.7060 -0.09833
3.7070 -0.10757
3.7080 -0.11666
3.7090 -0.12557
3.7100 -0.13429
3.7110 -0.14282
3.7120 -0.15114
3.7130 -0.15923
3.7140 -0.16710
3.7150 -0.17471
3.7160 -0.18207
3.7170 -0.18917
3.7180 -0.19599
3.7190 -0.20253
3.7200 -0.20877
3.7210 -0.21471
3.7220 -0.22034
3.7230 -0.22564
3.7240 -0.23063
3.7250 -0.23528
3.7260 -0.23959
3.7270 -0.24355
3.7280 -0.24716
3.7290 -0.25042
3.7300 -0.25332
3.7310 -0.25585
3.7320 -0.25801
3.7330 -0.25981
3.7340 -0.26123
3.7350 -0.26228
3.7360 -0.26295
3.7370 -0.26324
3.7380 -0.26316
3.7390 -0.26270
3.7400 -0.26187
3.7410 -0.26066
3.7420 -0.25909
3.7430 -0.25714
3.7440 -0.25482
3.7450 -0.25215
3.7460 -0.24911
3.7470 -0.24572
3.7480 -0.24199
3.7490 -0.23790
3.7500 -0.23349
3.7510 -0.22874
3.7520 -0.22366
3.7530 -0.21828
3.7540 -0.21258
3.7550 -0.20658
3.7560 -0.20029
3.7570 -0.19373
3.7580 -0.18688
3.7590 -0.17978
3.7600 -0.17242
3.7610 -0.16483
3.7620 -0.15700
3.7630 -0.14895
3.7640 -0.14070
3.7650 -0.13225
3.7660 -0.12362
3.7670 -0.11481
3.7680 -0.10585
3.7690 -0.09675
3.7700 -0.08751
3.7710 -0.07816
3.7720 -0.06870
3.7730 -0.05914
3.7740 -0.04951
3.7750 -0.03982
3.7760 -0.03008
3.7770 -0.02030
3.7780 -0.01049
3.7790 -0.00068
3.7800 0.00912
3.7810 0.01890
3.7820 0.02865
3.7830 0.03835
3.7840 0.04799
3.7850 0.05756
3.7860 0.06703
3.7870 0.07641
3.7880 0.08566
3.7890 0.09479
3.7900 0.10378
3.7910 0.11261
3.7920 0.12127
3.7930 0.12976
3.7940 0.13805
3.7950 0.14614
3.7960 0.15401
3.7970 0.16166
3.7980 0.16908
3.7990 0.17624
3.8000 0.18315
3.8010 0.18979
3.8020 0.19616
3.8030 0.20224
3.8040 0.20802
3.8050 0.21351
3.8060 0.21869
3.8070 0.22355
3.8080 0.22808
3.8090 0.23229
3.8100 0.23616
3.8110 0.23970
3.8120 0.24288
3.8130 0.24572
3.8140 0.24820
3.8150 0.25033
3.8160 0.25210
3.8170 0.25351
3.8180 0.25455
3.8190 0.25523
3.8200 0.25554
3.8210 0.25549
3.8220 0.25507
3.8230 0.25429
3.8240 0.25314
3.8250 0.25164
3.8260 0.24977
3.8270 0.24755
3.8280 0.24498
3.8290 0.24206
3.8300 0.23879
3.8310 0.23519
3.8320 0.23125
3.8330 0.22699
3.8340 0.22240
3.8350 0.21750
3.8360 0.21229
3.8370 0.20678
3.8380 0.20098
3.8390 0.19490
3.8400 0.18854
3.8410 0.18192
3.8420 0.17504
3.8430 0.16791
3.8440 0.16055
3.8450 0.15297
3.8460 0.14518
3.8470 0.13718
3.8480 0.12899
3.8490 0.12062
3.8500 0.11209
3.8510 0.10340
3.8520 0.09457
3.8530 0.08561
3.8540 0.07654
3.8550 0.06736
3.8560 0.05809
3.8570 0.04875
3.8580 0.03934
3.8590 0.02989
3.8600 0.02040
3.8610 0.01088
3.8620 0.00136
3.8630 -0.00816
3.8640 -0.01766
3.8650 -0.02713
3.8660 -0.03655
3.8670 -0.04591
3.8680 -0.05520
3.8690 -0.06441
3.8700 -0.07351
3.8710 -0.08251
3.8720 -0.09138
3.8730 -0.10011
3.8740 -0.10870
3.8750 -0.11712
3.8760 -0.12537
3.8770 -0.13344
3.8780 -0.14130
3.8790 -0.14896
3.8800 -0.15641
3.8810 -0.16362
3.8820 -0.17059
3.8830 -0.17732
3.8840 -0.18378
3.8850 -0.18998
3.8860 -0.19591
3.8870 -0.20154
3.8880 -0.20689
3.8890 -0.21194
3.8900 -0.21668
3.8910 -0.22111
3.8920 -0.22522
3.8930 -0.22900
3.8940 -0.23245
3.8950 -0.23557
3.8960 -0.23835
3.8970 -0.24079
3.8980 -0.24288
3.8990 -0.24462
3.9000 -0.24601
3.9010 -0.24705
3.9020 -0.24773
3.9030 -0.24806
3.9040 -0.24804
3.9050 -0.24766
3.9060 -0.24693
3.9070 -0.24584
3.9080 -0.24440
3.9090 -0.24262
3.9100 -0.24049
3.9110 -0.23802
3.9120 -0.23520
3.9130 -0.23206
3.9140 -0.22858
3.9150 -0.22478
3.9160 -0.22067
3.9170 -0.21624
3.9180 -0.21150
3.9190 -0.20646
3.9200 -0.20114
3.9210 -0.19553
3.9220 -0.18964
3.9230 -0.18349
3.9240 -0.17708
3.9250 -0.17042
3.9260 -0.16352
3.9270 -0.15639
3.9280 -0.14905
3.9290 -0.14149
3.9300 -0.13374
3.9310 -0.12581
3.9320 -0.11769
3.9330 -0.10942
3.9340 -0.10100
3.9350 -0.09244
3.9360 -0.08375
3.9370 -0.07495
3.9380 -0.06605
3.9390 -0.05706
3.9400 -0.04799
3.9410 -0.03886
3.9420 -0.02969
3.9430 -0.02047
3.9440 -0.01124
3.9450 -0.00199
3.9460 0.00725
3.9470 0.01647
3.9480 0.02566
3.9490 0.03482
3.9500 0.04391
3.9510 0.05293
3.9520 0.06188
3.9530 0.07073
3.9540 0.07947
3.9550 0.08809
3.9560 0.09658
3.9570 0.10492
3.9580 0.11311
3.9590 0.12113
3.9600 0.12897
3.9610 0.13662
3.9620 0.14407
3.9630 0.15131
3.9640 0.15833
3.9650 0.16512
3.9660 0.17167
3.9670 0.17796
3.9680 0.18400
3.9690 0.18977
3.9700 0.19527
3.9710 0.20048
3.9720 0.20540
3.9730 0.21002
3.9740 0.21434
3.9750 0.21835
3.9760 0.22205
3.9770 0.22543
3.9780 0.22848
3.9790 0.23120
3.9800 0.23359
3.9810 0.23564
3.9820 0.23736
3.9830 0.23873
3.9840 0.23977
3.9850 0.24046
3.9860 0.24080
3.9870 0.24080
3.9880 0.24046
3.9890 0.23977
3.9900 0.23874
3.9910 0.23737
3.9920 0.23567
3.9930 0.23362
3.9940 0.23125
3.9950 0.22854
3.9960 0.22551
3.9970 0.22216
3.9980 0.21850
3.9990 0.21452
4.0000 0.21024
4.0010 0.20566
4.0020 0.20080
4.0030 0.19565
4.0040 0.19022
4.0050 0.18452
4.0060 0.17857
4.0070 0.17236
4.0080 0.16592
4.0090 0.15924
4.0100 0.15233
4.0110 0.14522
4.0120 0.13790
4.0130 0.13039
4.0140 0.12270
4.0150 0.11484
4.0160 0.10682
4.0170 0.09865
4.0180 0.09035
4.0190 0.08192
4.0200 0.07338
4.0210 0.06475
4.0220 0.05603
4.0230 0.04723
4.0240 0.03837
4.0250 0.02947
4.0260 0.02053
4.0270 0.01156
4.0280 0.00259
4.0290 -0.00638
4.0300 -0.01534
4.0310 -0.02426
4.0320 -0.03315
4.0330 -0.04198
4.0340 -0.05075
4.0350 -0.05944
4.0360 -0.06804
4.0370 -0.07653
4.0380 -0.08491
4.0390 -0.09316
4.0400 -0.10127
4.0410 -0.10923
4.0420 -0.11703
4.0430 -0.12465
4.0440 -0.13210
4.0450 -0.13934
4.0460 -0.14639
4.0470 -0.15322
4.0480 -0.15982
4.0490 -0.16620
4.0500 -0.17233
4.0510 -0.17820
4.0520 -0.18383
4.0530 -0.18918
4.0540 -0.19426
4.0550 -0.19906
4.0560 -0.20357
4.0570 -0.20778
4.0580 -0.21170
4.0590 -0.21531
4.0600 -0.21861
4.0610 -0.22159
4.0620 -0.22426
4.0630 -0.22660
4.0640 -0.22862
4.0650 -0.23031
4.0660 -0.23167
4.0670 -0.23270
4.0680 -0.23339
4.0690 -0.23375
4.0700 -0.23378
4.0710 -0.23347
4.0720 -0.23283
4.0730 -0.23185
4.0740 -0.23055
4.0750 -0.22891
4.0760 -0.22695
4.0770 -0.22467
4.0780 -0.22206
4.0790 -0.21915
4.0800 -0.21592
4.0810 -0.21238
4.0820 -0.20854
4.0830 -0.20441
4.0840 -0.19999
4.0850 -0.19528
4.0860 -0.19030
4.0870 -0.18505
4.0880 -0.17954
4.0890 -0.17378
4.0900 -0.16777
4.0910 -0.16153
4.0920 -0.15506
4.0930 -0.14838
4.0940 -0.14148
4.0950 -0.13439
4.0960 -0.12712
4.0970 -0.11966
4.0980 -0.11204
4.0990 -0.10427
4.1000 -0.09635
4.1010 -0.08830
4.1020 -0.08013
4.1030 -0.07185
4.1040 -0.06347
4.1050 -0.05501
4.1060 -0.04648
4.1070 -0.03788
4.1080 -0.02924
4.1090 -0.02056
4.1100 -0.01186
4.1110 -0.00315
4.1120 0.00556
4.1130 0.01426
4.1140 0.02292
4.1150 0.03156
4.1160 0.04013
4.1170 0.04865
4.1180 0.05709
4.1190 0.06544
4.1200 0.07369
4.1210 0.08184
4.1220 0.08985
4.1230 0.09774
4.1240 0.10548
4.1250 0.11306
4.1260 0.12048
4.1270 0.12771
4.1280 0.13477
4.1290 0.14162
4.1300 0.14826
4.1310 0.15469
4.1320 0.16090
4.1330 0.16686
4.1340 0.17259
4.1350 0.17806
4.1360 0.18328
4.1370 0.18823
4.1380 0.19291
4.1390 0.19731
4.1400 0.20142
4.1410 0.20525
4.1420 0.20877
4.1430 0.21200
4.1440 0.21492
4.1450 0.21753
4.1460 0.21983
4.1470 0.22181
4.1480 0.22347
4.1490 0.22482
4.1500 0.22584
4.1510 0.22653
4.1520 0.22691
4.1530 0.22696
4.1540 0.22668
4.1550 0.22608
4.1560 0.22516
4.1570 0.22391
4.1580 0.22235
4.1590 0.22047
4.1600 0.21827
4.1610 0.21577
4.1620 0.21296
4.1630 0.20985
4.1640 0.20643
4.1650 0.20273
4.1660 0.19874
4.1670 0.19447
4.1680 0.18992
4.1690 0.18510
4.1700 0.18003
4.1710 0.17470
4.1720 0.16912
4.1730 0.16330
4.1740 0.15726
4.1750 0.15100
4.1760 0.14452
4.1770 0.13784
4.1780 0.13097
4.1790 0.12392
4.1800 0.11670
4.1810 0.10931
4.1820 0.10177
4.1830 0.09410
4.1840 0.08629
4.1850 0.07837
4.1860 0.07034
4.1870 0.06221
4.1880 0.05400
4.1890 0.04572
4.1900 0.03739
4.1910 0.02900
4.1920 0.02058
4.1930 0.01213
4.1940 0.00367
4.1950 -0.00478
4.1960 -0.01322
4.1970 -0.02164
4.1980 -0.03002
4.1990 -0.03836
4.2000 -0.04663
4.2010 -0.05483
4.2020 -0.06294
4.2030 -0.07096
4.2040 -0.07887
4.2050 -0.08667
4.2060 -0.09433
4.2070 -0.10185
4.2080 -0.10923
4.2090 -0.11644
4.2100 -0.12348
4.2110 -0.13033
4.2120 -0.13700
4.2130 -0.14347
4.2140 -0.14972
4.2150 -0.15576
4.2160 -0.16157
4.2170 -0.16715
4.2180 -0.17248
4.2190 -0.17756
4.2200 -0.18239
4.2210 -0.18695
4.2220 -0.19124
4.2230 -0.19525
4.2240 -0.19899
4.2250 -0.20243
4.2260 -0.20558
4.2270 -0.20844
4.2280 -0.21100
4.2290 -0.21325
4.2300 -0.21520
4.2310 -0.21684
4.2320 -0.21816
4.2330 -0.21918
4.2340 -0.21988
4.2350 -0.22026
4.2360 -0.22033
4.2370 -0.22009
4.2380 -0.21953
4.2390 -0.21865
4.2400 -0.21747
4.2410 -0.21597
4.2420 -0.21417
4.2430 -0.21206
4.2440 -0.20965
4.2450 -0.20694
4.2460 -0.20394
4.2470 -0.20065
4.2480 -0.19708
4.2490 -0.19322
4.2500 -0.18910
4.2510 -0.18470
4.2520 -0.18004
4.2530 -0.17513
4.2540 -0.16998
4.2550 -0.16458
4.2560 -0.15895
4.2570 -0.15310
4.2580 -0.14704
4.2590 -0.14076
4.2600 -0.13430
4.2610 -0.12764
4.2620 -0.12081
4.2630 -0.11380
4.2640 -0.10665
4.2650 -0.09934
4.2660 -0.09190
4.2670 -0.08433
4.2680 -0.07664
4.2690 -0.06885
4.2700 -0.06097
4.2710 -0.05301
4.2720 -0.04498
4.2730 -0.03689
4.2740 -0.02875
4.2750 -0.02057
4.2760 -0.01238
4.2770 -0.00417
4.2780 0.00404
4.2790 0.01224
4.2800 0.02041
4.2810 0.02855
4.2820 0.03665
4.2830 0.04468
4.2840 0.05265
4.2850 0.06053
4.2860 0.06832
4.2870 0.07601
4.2880 0.08358
4.2890 0.09103
4.2900 0.09835
4.2910 0.10552
4.2920 0.11253
4.2930 0.11938
4.2940 0.12605
4.2950 0.13253
4.2960 0.13882
4.2970 0.14491
4.2980 0.15079
4.2990 0.15645
4.3000 0.16188
4.3010 0.16707
4.3020 0.17202
4.3030 0.17673
4.3040 0.18117
4.3050 0.18536
4.3060 0.18927
4.3070 0.19292
4.3080 0.19628
4.3090 0.19936
4.3100 0.20216
4.3110 0.20466
4.3120 0.20687
4.3130 0.20878
4.3140 0.21039
4.3150 0.21170
4.3160 0.21271
4.3170 0.21341
4.3180 0.21381
4.3190 0.21390
4.3200 0.21368
4.3210 0.21316
4.3220 0.21233
4.3230 0.21121
4.3240 0.20978
4.3250 0.20805
4.3260 0.20602
4.3270 0.20371
4.3280 0.20110
4.3290 0.19821
4.3300 0.19503
4.3310 0.19158
4.3320 0.18786
4.3330 0.18387
4.3340 0.17962
4.3350 0.17512
4.3360 0.17037
4.3370 0.16538
4.3380 0.16016
4.3390 0.15471
4.3400 0.14905
4.3410 0.14317
4.3420 0.13710
4.3430 0.13083
4.3440 0.12439
4.3450 0.11777
4.3460 0.11098
4.3470 0.10404
4.3480 0.09696
4.3490 0.08974
4.3500 0.08240
4.3510 0.07495
4.3520 0.06740
4.3530 0.05975
4.3540 0.05203
4.3550 0.04423
4.3560 0.03638
4.3570 0.02848
4.3580 0.02055
4.3590 0.01259
4.3600 0.00463
4.3610 -0.00334
4.3620 -0.01130
4.3630 -0.01924
4.3640 -0.02714
4.3650 -0.03500
4.3660 -0.04281
4.3670 -0.05055
4.3680 -0.05821
4.3690 -0.06578
4.3700 -0.07325
4.3710 -0.08061
4.3720 -0.08785
4.3730 -0.09496
4.3740 -0.10193
4.3750 -0.10875
4.3760 -0.11541
4.3770 -0.12190
4.3780 -0.12821
4.3790 -0.13433
4.3800 -0.14025
4.3810 -0.14597
4.3820 -0.15148
4.3830 -0.15677
4.3840 -0.16183
4.3850 -0.16665
4.3860 -0.17124
4.3870 -0.17557
4.3880 -0.17965
4.3890 -0.18347
4.3900 -0.18703
4.3910 -0.19032
4.3920 -0.19333
4.3930 -0.19606
4.3940 -0.19851
4.3950 -0.20068
4.3960 -0.20255
4.3970 -0.20414
4.3980 -0.20543
4.3990 -0.20643
4.4000 -0.20714
4.4010 -0.20754
4.4020 -0.20765
4.4030 -0.20746
4.4040 -0.20698
4.4050 -0.20620
4.4060 -0.20512
4.4070 -0.20376
4.4080 -0.20210
4.4090 -0.20016
4.4100 -0.19793
4.4110 -0.19542
4.4120 -0.19263
4.4130 -0.18957
4.4140 -0.18624
4.4150 -0.18264
4.4160 -0.17879
4.4170 -0.17468
4.4180 -0.17033
4.4190 -0.16574
4.4200 -0.16091
4.4210 -0.15586
4.4220 -0.15058
4.4230 -0.14510
4.4240 -0.13941
4.4250 -0.13353
4.4260 -0.12746
4.4270 -0.12121
4.4280 -0.11480
4.4290 -0.10822
4.4300 -0.10150
4.4310 -0.09463
4.4320 -0.08763
4.4330 -0.08052
4.4340 -0.07329
4.4350 -0.06596
4.4360 -0.05855
4.4370 -0.05106
4.4380 -0.04349
4.4390 -0.03588
4.4400 -0.02821
4.4410 -0.02051
4.4420 -0.01279
4.4430 -0.00506
4.4440 0.00268
4.4450 0.01041
4.4460 0.01812
4.4470 0.02579
4.4480 0.03343
4.4490 0.04101
4.4500 0.04852
4.4510 0.05597
4.4520 0.06332
4.4530 0.07058
4.4540 0.07774
4.4550 0.08478
4.4560 0.09169
4.4570 0.09846
4.4580 0.10509
4.4590 0.11157
4.4600 0.11788
4.4610 0.12402
4.4620 0.12998
4.4630 0.13574
4.4640 0.14131
4.4650 0.14667
4.4660 0.15182
4.4670 0.15675
4.4680 0.16145
4.4690 0.16592
4.4700 0.17014
4.4710 0.17412
4.4720 0.17785
4.4730 0.18132
4.4740 0.18453
4.4750 0.18747
4.4760 0.19015
4.4770 0.19255
4.4780 0.19467
4.4790 0.19651
4.4800 0.19807
4.4810 0.19935
4.4820 0.20034
4.4830 0.20104
4.4840 0.20146
4.4850 0.20158
4.4860 0.20142
4.4870 0.20097
4.4880 0.20024
4.4890 0.19922
4.4900 0.19791
4.4910 0.19632
4.4920 0.19445
4.4930 0.19231
4.4940 0.18989
4.4950 0.18720
4.4960 0.18425
4.4970 0.18104
4.4980 0.17757
4.4990 0.17384
4.5000 0.16988
4.5010 0.16567
4.5020 0.16123
4.5030 0.15656
4.5040 0.15167
4.5050 0.14656
4.5060 0.14126
4.5070 0.13575
4.5080 0.13005
4.5090 0.12417
4.5100 0.11812
4.5110 0.11190
4.5120 0.10553
4.5130 0.09901
4.5140 0.09236
4.5150 0.08557
4.5160 0.07867
4.5170 0.07166
4.5180 0.06456
4.5190 0.05737
4.5200 0.05010
4.5210 0.04276
4.5220 0.03537
4.5230 0.02793
4.5240 0.02046
4.5250 0.01296
4.5260 0.00546
4.5270 -0.00206
4.5280 -0.00956
4.5290 -0.01704
4.5300 -0.02450
4.5310 -0.03191
4.5320 -0.03927
4.5330 -0.04658
4.5340 -0.05381
4.5350 -0.06095
4.5360 -0.06801
4.5370 -0.07496
4.5380 -0.08180
4.5390 -0.08852
4.5400 -0.09511
4.5410 -0.10156
4.5420 -0.10786
4.5430 -0.11399
4.5440 -0.11997
4.5450 -0.12576
4.5460 -0.13137
4.5470 -0.13679
4.5480 -0.14201
4.5490 -0.14703
4.5500 -0.15183
4.5510 -0.15641
4.5520 -0.16076
4.5530 -0.16488
4.5540 -0.16876
4.5550 -0.17240
4.5560 -0.17579
4.5570 -0.17892
4.5580 -0.18180
4.5590 -0.18441
4.5600 -0.18676
4.5610 -0.18884
4.5620 -0.19065
4.5630 -0.19218
4.5640 -0.19344
4.5650 -0.19442
4.5660 -0.19513
4.5670 -0.19555
4.5680 -0.19569
4.5690 -0.19556
4.5700 -0.19514
4.5710 -0.19445
4.5720 -0.19348
4.5730 -0.19223
4.5740 -0.19071
4.5750 -0.18891
4.5760 -0.18685
4.5770 -0.18452
4.5780 -0.18193
4.5790 -0.17909
4.5800 -0.17598
4.5810 -0.17263
4.5820 -0.16904
4.5830 -0.16520
4.5840 -0.16113
4.5850 -0.15684
4.5860 -0.15232
4.5870 -0.14759
4.5880 -0.14265
4.5890 -0.13751
4.5900 -0.13218
4.5910 -0.12666
4.5920 -0.12097
4.5930 -0.11510
4.5940 -0.10908
4.5950 -0.10290
4.5960 -0.09658
4.5970 -0.09013
4.5980 -0.08356
4.5990 -0.07687
4.6000 -0.07007
4.6010 -0.06318
4.6020 -0.05620
4.6030 -0.04915
4.6040 -0.04203
4.6050 -0.03486
4.6060 -0.02764
4.6070 -0.02039
4.6080 -0.01312
4.6090 -0.00583
4.6100 0.00146
4.6110 0.00875
4.6120 0.01602
4.6130 0.02325
4.6140 0.03046
4.6150 0.03761
4.6160 0.04470
4.6170 0.05172
4.6180 0.05867
4.6190 0.06553
4.6200 0.07228
4.6210 0.07893
4.6220 0.08546
4.6230 0.09187
4.6240 0.09814
4.6250 0.10426
4.6260 0.11023
4.6270 0.11604
4.6280 0.12168
4.6290 0.12714
4.6300 0.13242
4.6310 0.13750
4.6320 0.14238
4.6330 0.14706
4.6340 0.15152
4.6350 0.15576
4.6360 0.15978
4.6370 0.16356
4.6380 0.16711
4.6390 0.17042
4.6400 0.17348
4.6410 0.17629
4.6420 0.17885
4.6430 0.18114
4.6440 0.18318
4.6450 0.18496
4.6460 0.18647
4.6470 0.18771
4.6480 0.18868
4.6490 0.18938
4.6500 0.18981
4.6510 0.18997
4.6520 0.18986
4.6530 0.18948
4.6540 0.18882
4.6550 0.18790
4.6560 0.18671
4.6570 0.18525
4.6580 0.18353
4.6590 0.18155
4.6600 0.17930
4.6610 0.17681
4.6620 0.17406
4.6630 0.17107
4.6640 0.16783
4.6650 0.16436
4.6660 0.16065
4.6670 0.15672
4.6680 0.15257
4.6690 0.14820
4.6700 0.14362
4.6710 0.13884
4.6720 0.13386
4.6730 0.12870
4.6740 0.12336
4.6750 0.11784
4.6760 0.11216
4.6770 0.10632
4.6780 0.10034
4.6790 0.09421
4.6800 0.08796
4.6810 0.08158
4.6820 0.07510
4.6830 0.06851
4.6840 0.06182
4.6850 0.05506
4.6860 0.04822
4.6870 0.04131
4.6880 0.03435
4.6890 0.02735
4.6900 0.02031
4.6910 0.01325
4.6920 0.00617
4.6930 -0.00091
4.6940 -0.00798
4.6950 -0.01503
4.6960 -0.02206
4.6970 -0.02906
4.6980 -0.03600
4.6990 -0.04289
4.7000 -0.04972
4.7010 -0.05647
4.7020 -0.06313
4.7030 -0.06970
4.7040 -0.07616
4.7050 -0.08251
4.7060 -0.08874
4.7070 -0.09483
4.7080 -0.10079
4.7090 -0.10659
4.7100 -0.11225
4.7110 -0.11773
4.7120 -0.12305
4.7130 -0.12818
4.7140 -0.13313
4.7150 -0.13788
4.7160 -0.14244
4.7170 -0.14678
4.7180 -0.15092
4.7190 -0.15483
4.7200 -0.15852
4.7210 -0.16198
4.7220 -0.16521
4.7230 -0.16820
4.7240 -0.17095
4.7250 -0.17345
4.7260 -0.17570
4.7270 -0.17769
4.7280 -0.17944
4.7290 -0.18092
4.7300 -0.18214
4.7310 -0.18311
4.7320 -0.18381
4.7330 -0.18425
4.7340 -0.18442
4.7350 -0.18433
4.7360 -0.18398
4.7370 -0.18336
4.7380 -0.18248
4.7390 -0.18134
4.7400 -0.17995
4.7410 -0.17830
4.7420 -0.17639
4.7430 -0.17423
4.7440 -0.17183
4.7450 -0.16918
4.7460 -0.16629
4.7470 -0.16316
4.7480 -0.15981
4.7490 -0.15623
4.7500 -0.15243
4.7510 -0.14841
4.7520 -0.14418
4.7530 -0.13975
4.7540 -0.13513
4.7550 -0.13031
4.7560 -0.12531
4.7570 -0.12013
4.7580 -0.11479
4.7590 -0.10929
4.7600 -0.10363
4.7610 -0.09783
4.7620 -0.09190
4.7630 -0.08584
4.7640 -0.07966
4.7650 -0.07337
4.7660 -0.06697
4.7670 -0.06049
4.7680 -0.05393
4.7690 -0.04729
4.7700 -0.04059
4.7710 -0.03384
4.7720 -0.02705
4.7730 -0.02022
4.7740 -0.01336
4.7750 -0.00649
4.7760 0.00038
4.7770 0.00724
4.7780 0.01410
4.7790 0.02092
4.7800 0.02771
4.7810 0.03446
4.7820 0.04115
4.7830 0.04778
4.7840 0.05434
4.7850 0.06081
4.7860 0.06720
4.7870 0.07348
4.7880 0.07965
4.7890 0.08571
4.7900 0.09163
4.7910 0.09743
4.7920 0.10307
4.7930 0.10857
4.7940 0.11391
4.7950 0.11908
4.7960 0.12408
4.7970 0.12889
4.7980 0.13352
4.7990 0.13796
4.8000 0.14219
4.8010 0.14622
4.8020 0.15004
4.8030 0.15364
4.8040 0.15701
4.8050 0.16016
4.8060 0.16308
4.8070 0.16576
4.8080 0.16821
4.8090 0.17041
4.8100 0.17237
4.8110 0.17408
4.8120 0.17554
4.8130 0.17674
4.8140 0.17770
4.8150 0.17840
4.8160 0.17884
4.8170 0.17903
4.8180 0.17896
4.8190 0.17863
4.8200 0.17805
4.8210 0.17722
4.8220 0.17613
4.8230 0.17480
4.8240 0.17321
4.8250 0.17138
4.8260 0.16930
4.8270 0.16698
4.8280 0.16443
4.8290 0.16164
4.8300 0.15863
4.8310 0.15538
4.8320 0.15192
4.8330 0.14825
4.8340 0.14436
4.8350 0.14027
4.8360 0.13599
4.8370 0.13151
4.8380 0.12685
4.8390 0.12201
4.8400 0.11700
4.8410 0.11182
4.8420 0.10649
4.8430 0.10101
4.8440 0.09539
4.8450 0.08964
4.8460 0.08376
4.8470 0.07777
4.8480 0.07167
4.8490 0.06547
4.8500 0.05919
4.8510 0.05282
4.8520 0.04638
4.8530 0.03988
4.8540 0.03333
4.8550 0.02674
4.8560 0.02011
4.8570 0.01346
4.8580 0.00679
4.8590 0.00012
4.8600 -0.00655
4.8610 -0.01320
4.8620 -0.01983
4.8630 -0.02642
4.8640 -0.03298
4.8650 -0.03948
4.8660 -0.04592
4.8670 -0.05229
4.8680 -0.05858
4.8690 -0.06478
4.8700 -0.07089
4.8710 -0.07689
4.8720 -0.08278
4.8730 -0.08854
4.8740 -0.09417
4.8750 -0.09967
4.8760 -0.10501
4.8770 -0.11021
4.8780 -0.11524
4.8790 -0.12010
4.8800 -0.12479
4.8810 -0.12930
4.8820 -0.13362
4.8830 -0.13774
4.8840 -0.14167
4.8850 -0.14539
4.8860 -0.14890
4.8870 -0.15219
4.8880 -0.15527
4.8890 -0.15812
4.8900 -0.16074
4.8910 -0.16313
4.8920 -0.16528
4.8930 -0.16720
4.8940 -0.16888
4.8950 -0.17031
4.8960 -0.17150
4.8970 -0.17245
4.8980 -0.17314
4.8990 -0.17359
4.9000 -0.17379
4.9010 -0.17374
4.9020 -0.17345
4.9030 -0.17290
4.9040 -0.17211
4.9050 -0.17107
4.9060 -0.16979
4.9070 -0.16827
4.9080 -0.16651
4.9090 -0.16451
4.9100 -0.16228
4.9110 -0.15981
4.9120 -0.15712
4.9130 -0.15421
4.9140 -0.15108
4.9150 -0.14774
4.9160 -0.14418
4.9170 -0.14043
4.9180 -0.13647
4.9190 -0.13232
4.9200 -0.12799
4.9210 -0.12348
4.9220 -0.11879
4.9230 -0.11394
4.9240 -0.10893
4.9250 -0.10376
4.9260 -0.09845
4.9270 -0.09300
4.9280 -0.08743
4.9290 -0.08173
4.9300 -0.07592
4.9310 -0.07001
4.9320 -0.06400
4.9330 -0.05790
4.9340 -0.05173
4.9350 -0.04549
4.9360 -0.03918
4.9370 -0.03282
4.9380 -0.02642
4.9390 -0.01999
4.9400 -0.01354
4.9410 -0.00707
4.9420 -0.00059
4.9430 0.00588
4.9440 0.01234
4.9450 0.01878
4.9460 0.02519
4.9470 0.03155
4.9480 0.03787
4.9490 0.04412
4.9500 0.05031
4.9510 0.05643
4.9520 0.06246
4.9530 0.06839
4.9540 0.07422
4.9550 0.07994
4.9560 0.08555
4.9570 0.09103
4.9580 0.09637
4.9590 0.10157
4.9600 0.10662
4.9610 0.11152
4.9620 0.11626
4.9630 0.12082
4.9640 0.12521
4.9650 0.12942
4.9660 0.13343
4.9670 0.13726
4.9680 0.14088
4.9690 0.14431
4.9700 0.14752
4.9710 0.15052
4.9720 0.15330
4.9730 0.15586
4.9740 0.15820
4.9750 0.16031
4.9760 0.16219
4.9770 0.16383
4.9780 0.16524
4.9790 0.16641
4.9800 0.16735
4.9810 0.16804
4.9820 0.16849
4.9830 0.16871
4.9840 0.16868
4.9850 0.16841
4.9860 0.16789
4.9870 0.16714
4.9880 0.16615
4.9890 0.16493
4.9900 0.16347
4.9910 0.16177
4.9920 0.15985
4.9930 0.15770
4.9940 0.15532
4.9950 0.15273
4.9960 0.14992
4.9970 0.14689
4.9980 0.14366
4.9990 0.14023
